notebooks/landlab-terrainbento/coupled_process_elements/DEMData/SRTMGL3_39.97_-105.31_40.0_-105.27.tif
ncols        48
nrows        36
xllcorner    -105.310416666684
yllcorner    39.970416666671
cellsize     0.000833333333
NODATA_value 0
 2067 2102 2119 2119 2115 2093 2066 2043 2020 2013 1998 1984 1969 1941 1913 1889 1897 1918 1917 1902 1864 1811 1783 1757 1744 1744 1740 1735 1737 1735 1731 1732 1727 1727 1728 1726 1723 1722 1719 1717 1711 1710 1706 1697 1693 1686 1680 1677
 2064 2093 2100 2094 2082 2056 2025 1992 1973 1964 1947 1940 1934 1919 1899 1874 1862 1871 1887 1894 1859 1810 1777 1757 1752 1762 1752 1747 1745 1747 1747 1740 1733 1736 1740 1735 1735 1732 1726 1721 1718 1713 1707 1700 1693 1687 1683 1678
 2053 2074 2079 2069 2048 2022 2003 1979 1958 1931 1915 1905 1896 1886 1873 1856 1837 1825 1838 1845 1830 1788 1770 1762 1768 1774 1772 1763 1758 1758 1758 1750 1742 1745 1746 1744 1746 1739 1727 1719 1715 1712 1705 1699 1693 1688 1685 1678
 2061 2065 2057 2042 2035 2035 2035 2020 1972 1933 1913 1904 1889 1876 1867 1854 1835 1826 1817 1807 1798 1785 1784 1782 1794 1801 1801 1785 1771 1770 1765 1759 1758 1752 1750 1750 1747 1737 1734 1729 1716 1712 1706 1698 1693 1689 1685 1680
 2073 2062 2047 2048 2052 2043 2021 2005 1979 1945 1944 1949 1934 1920 1899 1872 1867 1862 1851 1834 1833 1826 1808 1805 1821 1832 1825 1806 1792 1789 1787 1782 1773 1765 1757 1752 1746 1745 1753 1743 1726 1713 1704 1697 1693 1689 1683 1679
 2080 2070 2059 2065 2070 2052 2030 2018 1997 1971 1984 1989 1977 1952 1915 1890 1889 1902 1899 1890 1881 1857 1834 1829 1841 1841 1829 1819 1809 1804 1813 1809 1792 1772 1766 1760 1765 1772 1772 1763 1741 1716 1705 1701 1697 1698 1685 1680
 2100 2085 2070 2068 2078 2066 2060 2053 2028 2007 2012 2025 2009 1983 1949 1916 1908 1924 1931 1906 1889 1871 1866 1862 1864 1861 1840 1826 1825 1835 1833 1815 1793 1775 1768 1779 1788 1788 1780 1764 1741 1715 1712 1716 1716 1715 1706 1685
 2118 2094 2068 2072 2091 2089 2090 2084 2061 2039 2027 2043 2036 2004 1978 1951 1940 1940 1936 1923 1916 1915 1907 1894 1887 1873 1854 1843 1849 1847 1834 1813 1795 1777 1784 1799 1800 1788 1767 1747 1735 1722 1726 1735 1740 1730 1714 1698
 2103 2082 2073 2081 2099 2113 2122 2118 2088 2073 2049 2059 2072 2057 2024 1995 1978 1977 1980 1977 1968 1967 1955 1924 1894 1875 1861 1862 1862 1847 1826 1811 1794 1791 1809 1808 1798 1781 1755 1739 1730 1736 1747 1751 1755 1743 1723 1707
 2089 2093 2103 2099 2100 2117 2136 2134 2107 2081 2067 2085 2116 2102 2070 2037 2016 2020 2028 2040 2031 2009 1975 1932 1907 1897 1885 1877 1864 1844 1824 1804 1806 1819 1820 1804 1782 1763 1743 1742 1752 1768 1773 1771 1770 1762 1736 1712
 2101 2123 2142 2133 2118 2115 2126 2127 2107 2086 2084 2097 2127 2136 2110 2075 2056 2066 2085 2101 2089 2031 1974 1946 1923 1905 1887 1871 1853 1833 1824 1823 1834 1832 1822 1805 1780 1759 1751 1765 1782 1788 1784 1779 1775 1768 1745 1716
 2125 2150 2161 2160 2145 2137 2129 2135 2120 2109 2125 2129 2147 2162 2140 2101 2095 2113 2143 2152 2099 2038 2001 1962 1925 1898 1884 1868 1847 1839 1841 1847 1845 1837 1825 1810 1781 1766 1776 1792 1799 1794 1784 1781 1772 1753 1733 1714
 2153 2167 2171 2178 2171 2157 2148 2154 2138 2132 2154 2180 2193 2198 2179 2149 2142 2153 2173 2161 2119 2062 2008 1963 1928 1909 1885 1867 1862 1866 1863 1858 1848 1840 1829 1809 1782 1781 1803 1808 1802 1797 1786 1771 1752 1738 1722 1709
 2147 2165 2182 2194 2190 2178 2174 2173 2150 2148 2180 2213 2239 2243 2227 2214 2191 2158 2143 2127 2104 2058 2008 1974 1945 1922 1895 1882 1888 1884 1877 1866 1856 1844 1830 1810 1808 1813 1817 1811 1804 1792 1775 1752 1737 1727 1718 1716
 2153 2166 2184 2204 2217 2218 2210 2191 2169 2161 2189 2221 2258 2276 2267 2245 2204 2166 2141 2123 2088 2055 2016 1993 1960 1920 1904 1907 1902 1892 1887 1871 1863 1851 1837 1828 1828 1827 1821 1814 1804 1788 1762 1743 1732 1726 1721 1718
 2165 2177 2185 2201 2224 2240 2241 2230 2211 2193 2192 2217 2254 2285 2284 2265 2231 2213 2183 2156 2136 2098 2023 1987 1950 1929 1928 1921 1907 1896 1886 1872 1866 1858 1854 1847 1837 1830 1820 1813 1800 1782 1763 1743 1734 1731 1728 1728
 2181 2195 2208 2210 2216 2240 2264 2265 2244 2227 2219 2232 2267 2302 2309 2285 2250 2228 2203 2161 2128 2074 2024 1973 1958 1963 1949 1926 1915 1903 1894 1883 1873 1866 1856 1845 1823 1814 1809 1790 1776 1759 1751 1743 1740 1738 1740 1741
 2207 2217 2238 2241 2234 2241 2264 2284 2277 2275 2270 2267 2293 2328 2313 2275 2246 2212 2180 2131 2099 2043 2014 1999 1995 1992 1960 1937 1920 1909 1894 1878 1859 1847 1831 1818 1801 1790 1779 1769 1765 1761 1759 1756 1754 1750 1748 1746
 2244 2245 2267 2276 2272 2272 2282 2304 2321 2330 2324 2310 2321 2350 2337 2296 2262 2230 2193 2161 2118 2077 2053 2040 2020 1991 1948 1921 1896 1884 1865 1851 1833 1818 1805 1801 1798 1788 1787 1787 1788 1786 1782 1776 1769 1762 1757 1754
 2279 2281 2301 2314 2321 2315 2321 2336 2361 2380 2374 2359 2369 2380 2361 2331 2303 2277 2240 2204 2147 2116 2079 2042 2002 1973 1941 1913 1888 1869 1853 1840 1823 1814 1821 1825 1828 1819 1813 1800 1796 1788 1782 1774 1769 1765 1760 1756
 2306 2307 2328 2341 2349 2361 2372 2382 2402 2426 2422 2405 2408 2409 2400 2380 2352 2320 2282 2233 2187 2125 2080 2039 2007 1989 1958 1925 1902 1892 1886 1864 1836 1830 1842 1841 1833 1817 1807 1800 1795 1790 1780 1774 1772 1771 1763 1755
 2329 2327 2327 2334 2345 2364 2380 2397 2417 2443 2462 2443 2412 2396 2391 2387 2365 2344 2314 2257 2196 2135 2097 2067 2039 1990 1965 1945 1933 1916 1902 1873 1847 1841 1851 1842 1830 1817 1810 1802 1791 1788 1785 1786 1784 1780 1779 1772
 2325 2318 2317 2328 2338 2350 2364 2379 2401 2432 2457 2446 2395 2358 2339 2329 2333 2330 2313 2275 2238 2161 2119 2069 2032 2000 2003 1988 1954 1927 1915 1886 1858 1856 1862 1848 1831 1823 1816 1809 1803 1797 1796 1808 1811 1807 1803 1792
 2309 2299 2308 2317 2319 2333 2348 2363 2382 2412 2441 2426 2379 2337 2300 2279 2286 2293 2297 2277 2244 2187 2121 2083 2063 2047 2036 1997 1966 1941 1925 1904 1876 1865 1872 1855 1846 1834 1822 1816 1813 1809 1816 1833 1840 1838 1831 1814
 2293 2291 2302 2302 2310 2332 2336 2337 2361 2393 2424 2422 2356 2317 2269 2235 2223 2229 2240 2242 2233 2190 2148 2118 2099 2061 2033 1996 1965 1943 1916 1902 1880 1881 1892 1866 1848 1840 1831 1823 1826 1837 1850 1853 1848 1842 1838 1825
 2270 2274 2284 2303 2318 2321 2310 2309 2341 2375 2403 2411 2368 2304 2253 2217 2186 2176 2185 2191 2204 2173 2124 2105 2073 2030 1995 1969 1939 1920 1901 1888 1890 1910 1911 1880 1859 1847 1841 1837 1846 1861 1860 1855 1851 1848 1838 1817
 2253 2264 2283 2299 2298 2289 2285 2301 2330 2361 2393 2412 2381 2317 2260 2219 2183 2152 2137 2133 2124 2112 2092 2056 2032 1995 1965 1952 1945 1930 1909 1894 1905 1919 1922 1899 1870 1864 1866 1866 1868 1869 1864 1860 1853 1835 1818 1800
 2242 2259 2272 2277 2269 2274 2291 2316 2342 2363 2384 2411 2401 2339 2278 2232 2197 2159 2126 2104 2090 2079 2071 2058 2036 2018 2006 1999 1979 1942 1910 1892 1897 1897 1907 1906 1882 1872 1880 1876 1869 1865 1865 1855 1832 1812 1791 1777
 2231 2239 2251 2252 2252 2284 2313 2320 2318 2330 2353 2389 2403 2363 2300 2247 2218 2189 2158 2142 2129 2121 2124 2113 2084 2060 2030 1990 1967 1940 1906 1886 1876 1870 1882 1896 1875 1853 1854 1852 1841 1836 1836 1823 1807 1786 1774 1761
 2233 2225 2226 2231 2254 2287 2299 2284 2279 2295 2328 2375 2405 2392 2335 2295 2262 2232 2214 2198 2189 2187 2182 2145 2095 2070 2029 1999 1979 1944 1919 1899 1874 1853 1850 1859 1849 1831 1825 1821 1810 1808 1807 1802 1795 1782 1771 1760
 2257 2237 2219 2226 2254 2268 2256 2244 2255 2282 2319 2362 2401 2401 2350 2314 2271 2223 2202 2194 2202 2218 2201 2165 2125 2073 2034 1987 1961 1939 1915 1902 1875 1845 1835 1838 1830 1818 1806 1799 1789 1792 1793 1795 1805 1797 1777 1762
 2256 2237 2216 2209 2224 2227 2220 2218 2245 2282 2316 2338 2359 2376 2357 2310 2251 2194 2161 2145 2156 2176 2175 2159 2126 2081 2038 1990 1958 1935 1912 1884 1858 1845 1852 1868 1861 1839 1819 1804 1794 1786 1778 1788 1803 1799 1778 1763
 2244 2225 2209 2197 2199 2193 2190 2208 2245 2277 2294 2292 2302 2319 2321 2305 2252 2151 2128 2105 2106 2118 2128 2120 2091 2065 2016 1984 1961 1932 1902 1870 1857 1865 1882 1902 1896 1853 1832 1827 1817 1807 1787 1776 1776 1773 1761 1753
 2265 2241 2221 2198 2190 2176 2174 2196 2221 2248 2259 2248 2246 2261 2274 2267 2211 2157 2122 2076 2064 2061 2051 2043 2036 2016 1986 1953 1933 1910 1889 1885 1882 1885 1905 1930 1915 1877 1852 1849 1842 1831 1810 1789 1776 1767 1764 1761
 2281 2269 2259 2237 2215 2182 2163 2166 2180 2200 2212 2204 2195 2208 2214 2212 2197 2165 2124 2080 2045 2031 2018 2005 1993 1980 1973 1962 1954 1943 1936 1927 1901 1895 1915 1940 1924 1889 1866 1859 1851 1844 1831 1817 1802 1785 1781 1781
 2272 2274 2281 2258 2222 2193 2172 2156 2150 2163 2163 2154 2150 2164 2164 2150 2148 2134 2097 2059 2038 2025 2021 2021 2021 2023 2026 2016 2011 2002 1978 1948 1922 1912 1926 1950 1935 1897 1874 1864 1855 1845 1836 1829 1814 1796 1793 1791
