notebooks/landlab-terrainbento/coupled_process_elements/DEMData/SRTMGL3_40.015_-105.33_40.065_-105.28.tif
ncols        60
nrows        60
xllcorner    -105.330416666684
yllcorner    40.015416666671
cellsize     0.000833333333
NODATA_value 0
 2052 2064 2060 2040 2023 2003 1978 1947 1923 1906 1911 1919 1945 1984 2003 1982 1941 1907 1873 1869 1870 1862 1854 1855 1839 1810 1793 1797 1807 1807 1796 1780 1771 1766 1761 1765 1779 1797 1814 1816 1804 1776 1759 1748 1740 1736 1728 1719 1728 1733 1721 1717 1714 1712 1710 1708 1705 1702 1702 1699
 2025 2041 2052 2036 2011 1987 1963 1948 1925 1910 1892 1889 1911 1948 1970 1956 1922 1885 1858 1843 1842 1838 1824 1816 1810 1802 1806 1806 1801 1801 1800 1791 1778 1765 1762 1756 1757 1762 1770 1774 1775 1759 1741 1735 1730 1728 1725 1726 1717 1726 1724 1716 1715 1714 1711 1708 1705 1704 1700 1697
 2011 2026 2041 2040 2014 1987 1968 1955 1938 1919 1896 1876 1885 1913 1933 1929 1905 1879 1857 1832 1821 1815 1812 1817 1822 1823 1836 1855 1866 1860 1842 1816 1790 1777 1777 1777 1777 1764 1758 1752 1746 1742 1739 1731 1729 1726 1723 1726 1720 1717 1718 1716 1716 1712 1710 1708 1705 1705 1698 1696
 2002 2012 2027 2035 2023 2000 1982 1962 1941 1918 1900 1876 1861 1878 1893 1893 1882 1868 1842 1817 1812 1826 1845 1863 1859 1843 1862 1900 1915 1892 1854 1822 1798 1795 1806 1813 1813 1804 1800 1787 1770 1755 1751 1749 1740 1731 1723 1721 1718 1713 1715 1714 1715 1712 1709 1707 1706 1701 1699 1697
 1984 2001 2022 2037 2032 2006 1984 1965 1953 1938 1919 1890 1867 1855 1855 1860 1852 1844 1827 1824 1834 1857 1881 1895 1880 1861 1885 1919 1928 1897 1854 1823 1803 1805 1824 1844 1854 1854 1845 1825 1800 1775 1762 1752 1743 1735 1723 1719 1716 1712 1710 1711 1711 1708 1709 1707 1703 1701 1700 1699
 1967 1996 2021 2041 2037 2020 2010 1997 1985 1966 1933 1907 1879 1861 1839 1832 1833 1832 1833 1842 1852 1871 1897 1917 1900 1884 1909 1947 1936 1888 1858 1830 1818 1833 1852 1879 1900 1895 1866 1836 1806 1785 1768 1753 1741 1733 1720 1717 1715 1711 1711 1710 1708 1707 1705 1703 1701 1699 1697 1696
 1955 1980 2000 2015 2020 2007 1987 1976 1966 1950 1923 1897 1876 1857 1838 1846 1871 1871 1853 1857 1876 1885 1907 1926 1911 1910 1946 1969 1937 1890 1857 1838 1837 1855 1882 1908 1925 1901 1861 1832 1809 1788 1763 1749 1739 1730 1719 1715 1714 1711 1706 1707 1705 1704 1703 1702 1699 1697 1696 1694
 1932 1945 1962 1985 2000 1976 1949 1934 1923 1910 1898 1872 1855 1858 1874 1894 1910 1899 1870 1863 1874 1894 1917 1940 1937 1946 1974 1978 1948 1903 1868 1853 1861 1888 1912 1937 1937 1897 1863 1827 1801 1782 1764 1747 1739 1730 1725 1716 1710 1709 1704 1705 1704 1702 1700 1699 1697 1696 1692 1691
 1921 1919 1930 1958 1978 1957 1923 1900 1884 1873 1867 1860 1878 1904 1922 1929 1925 1909 1884 1877 1879 1899 1927 1952 1964 1981 2006 1991 1952 1915 1881 1868 1874 1905 1940 1950 1931 1885 1850 1826 1797 1779 1763 1747 1743 1734 1717 1715 1712 1707 1701 1703 1697 1698 1696 1697 1694 1695 1691 1692
 1928 1921 1910 1917 1934 1926 1906 1886 1875 1884 1896 1898 1911 1942 1958 1946 1921 1909 1904 1893 1889 1904 1926 1953 1978 2013 2021 1995 1962 1929 1894 1877 1890 1920 1946 1946 1913 1876 1842 1821 1796 1781 1769 1756 1749 1732 1721 1709 1708 1701 1695 1696 1691 1695 1697 1695 1692 1691 1689 1689
 1945 1931 1915 1898 1900 1896 1899 1896 1893 1914 1938 1943 1949 1972 1980 1953 1931 1927 1919 1905 1902 1911 1921 1939 1969 2008 2031 2024 1981 1947 1911 1896 1911 1938 1963 1938 1910 1885 1854 1825 1803 1781 1763 1749 1737 1729 1721 1714 1707 1705 1701 1692 1692 1691 1696 1697 1692 1690 1687 1687
 1960 1941 1924 1908 1914 1929 1938 1933 1933 1960 1983 1994 2002 2008 1995 1963 1939 1933 1927 1916 1927 1940 1951 1966 1982 2007 2042 2043 2003 1958 1921 1905 1924 1951 1966 1935 1905 1878 1856 1831 1807 1779 1749 1740 1732 1723 1716 1714 1708 1703 1699 1696 1694 1696 1695 1694 1692 1688 1689 1685
 1972 1950 1927 1915 1930 1955 1972 1973 1972 1992 2027 2041 2040 2029 2002 1976 1955 1945 1942 1942 1948 1963 1979 1998 2006 2032 2063 2049 2008 1966 1943 1927 1923 1934 1950 1929 1896 1869 1849 1830 1803 1777 1753 1738 1732 1725 1717 1708 1704 1702 1702 1696 1693 1694 1691 1689 1688 1688 1689 1689
 1968 1947 1928 1937 1957 1972 1997 2009 2017 2035 2062 2071 2068 2050 2019 1996 1975 1963 1964 1963 1963 1966 1986 2006 2022 2051 2066 2037 2000 1961 1941 1924 1911 1917 1929 1920 1893 1868 1842 1815 1793 1771 1751 1733 1728 1726 1718 1712 1707 1707 1699 1694 1694 1691 1689 1687 1688 1687 1685 1681
 1982 1954 1937 1946 1965 1987 2016 2047 2064 2078 2086 2076 2065 2053 2035 2016 2001 1989 1986 1981 1972 1960 1973 1992 2013 2033 2052 2035 1993 1958 1922 1898 1890 1896 1913 1912 1885 1860 1832 1810 1792 1773 1749 1731 1729 1724 1715 1711 1708 1706 1703 1699 1695 1690 1688 1686 1687 1683 1683 1682
 1975 1956 1949 1955 1966 1991 2022 2061 2091 2104 2092 2070 2057 2040 2030 2013 1996 1986 1985 1980 1968 1950 1949 1969 1988 1998 2007 2012 1998 1957 1914 1885 1874 1879 1902 1904 1878 1853 1831 1820 1792 1772 1754 1741 1726 1717 1709 1706 1706 1702 1699 1697 1691 1689 1689 1688 1688 1682 1681 1683
 1969 1970 1977 1977 1980 1995 2035 2067 2099 2110 2090 2068 2052 2035 2018 2003 1989 1975 1966 1958 1953 1942 1929 1944 1956 1957 1956 1963 1967 1948 1908 1877 1863 1868 1899 1908 1881 1848 1832 1815 1791 1764 1740 1719 1710 1706 1702 1700 1700 1698 1698 1695 1691 1689 1688 1686 1685 1678 1679 1678
 2006 2006 2006 2002 2002 2013 2038 2072 2102 2112 2089 2069 2052 2038 2030 2011 1999 1989 1976 1958 1941 1929 1916 1918 1920 1923 1916 1917 1919 1911 1887 1862 1852 1867 1895 1914 1881 1836 1812 1798 1782 1758 1739 1727 1713 1702 1693 1694 1693 1692 1692 1694 1695 1687 1685 1686 1686 1683 1680 1680
 2045 2040 2035 2033 2030 2037 2046 2073 2097 2106 2092 2067 2048 2038 2034 2025 2005 1987 1967 1953 1935 1924 1911 1903 1901 1899 1896 1885 1876 1870 1857 1847 1842 1859 1889 1904 1875 1834 1811 1792 1779 1763 1746 1731 1713 1705 1690 1683 1688 1694 1699 1702 1691 1686 1685 1683 1680 1681 1680 1681
 2064 2063 2060 2053 2052 2058 2062 2073 2085 2093 2079 2059 2038 2024 2021 2022 2015 1992 1978 1960 1934 1916 1908 1908 1915 1929 1930 1920 1908 1901 1877 1850 1831 1842 1872 1900 1879 1843 1818 1791 1775 1759 1738 1726 1707 1702 1686 1691 1691 1693 1696 1701 1692 1691 1691 1691 1687 1684 1684 1685
 2094 2088 2080 2074 2074 2073 2065 2065 2070 2073 2061 2046 2023 2007 1999 1997 1991 1976 1968 1955 1934 1927 1937 1938 1944 1958 1973 1974 1964 1939 1894 1858 1829 1830 1850 1882 1891 1862 1823 1805 1788 1762 1739 1716 1711 1708 1697 1695 1693 1693 1701 1702 1698 1695 1695 1694 1690 1686 1687 1682
 2114 2107 2095 2090 2088 2074 2061 2049 2051 2049 2039 2025 2009 2001 2000 1999 1989 1976 1962 1950 1940 1930 1948 1961 1979 1994 2001 2000 1982 1951 1906 1865 1832 1815 1834 1867 1889 1875 1837 1827 1800 1768 1741 1720 1712 1708 1704 1704 1704 1704 1704 1704 1702 1701 1696 1693 1690 1689 1687 1685
 2103 2104 2097 2096 2088 2078 2063 2051 2042 2035 2031 2027 2015 2019 2026 2018 2003 1993 1984 1969 1953 1941 1958 1981 2006 2013 2016 1998 1971 1940 1903 1866 1833 1813 1819 1849 1875 1871 1837 1821 1798 1765 1745 1726 1715 1710 1707 1708 1708 1709 1709 1707 1707 1704 1697 1695 1693 1692 1690 1686
 2090 2090 2088 2096 2094 2082 2069 2056 2057 2065 2062 2051 2041 2045 2045 2027 2010 1997 1983 1980 1977 1960 1964 1978 1987 2003 2011 1995 1963 1945 1919 1876 1841 1814 1803 1826 1860 1865 1835 1809 1789 1761 1743 1730 1722 1715 1711 1713 1713 1716 1714 1709 1706 1704 1701 1698 1697 1695 1693 1685
 2076 2075 2086 2103 2107 2094 2077 2066 2077 2091 2089 2071 2060 2055 2040 2023 2009 2001 2004 2010 1999 1978 1970 1971 1988 2001 1996 1981 1949 1925 1902 1866 1836 1816 1796 1806 1830 1848 1827 1797 1773 1755 1739 1728 1723 1720 1719 1718 1720 1717 1712 1712 1709 1704 1700 1697 1695 1695 1694 1692
 2053 2070 2101 2117 2118 2107 2092 2086 2095 2106 2109 2096 2084 2065 2047 2030 2026 2017 2017 2016 2007 1996 1988 1980 1997 2014 2001 1966 1941 1917 1894 1874 1845 1819 1803 1791 1799 1817 1808 1778 1758 1750 1738 1727 1725 1724 1722 1726 1723 1720 1716 1713 1710 1707 1703 1701 1700 1698 1694 1691
 2052 2076 2095 2115 2127 2121 2110 2107 2109 2113 2117 2117 2108 2088 2068 2057 2047 2041 2038 2029 2029 2017 1998 1996 2013 2027 2017 1991 1965 1930 1910 1891 1850 1821 1804 1790 1778 1780 1779 1760 1748 1744 1734 1729 1726 1723 1721 1718 1713 1715 1715 1711 1713 1711 1706 1704 1699 1695 1694 1691
 2066 2081 2098 2118 2136 2136 2129 2119 2110 2102 2105 2114 2107 2087 2065 2059 2062 2066 2064 2056 2051 2034 2020 2015 2032 2036 2005 1978 1956 1918 1879 1861 1835 1822 1812 1800 1782 1771 1765 1757 1755 1748 1735 1726 1720 1718 1714 1710 1707 1707 1705 1702 1706 1707 1704 1700 1697 1694 1692 1687
 2067 2075 2094 2113 2131 2134 2128 2118 2102 2082 2074 2079 2078 2063 2047 2047 2051 2066 2077 2081 2082 2069 2049 2038 2043 2034 1987 1942 1917 1895 1872 1872 1876 1857 1833 1807 1789 1795 1807 1790 1778 1756 1734 1722 1716 1712 1708 1709 1704 1703 1698 1692 1692 1692 1691 1687 1688 1685 1681 1676
 2062 2060 2075 2095 2113 2122 2120 2105 2095 2077 2049 2036 2033 2026 2017 2018 2033 2057 2069 2081 2099 2104 2088 2066 2057 2042 2004 1969 1937 1916 1910 1926 1919 1875 1835 1809 1800 1814 1839 1826 1797 1768 1742 1721 1714 1706 1704 1706 1703 1699 1696 1691 1689 1687 1684 1681 1679 1677 1675 1672
 2046 2039 2053 2081 2105 2113 2107 2095 2092 2081 2052 2021 1998 1990 1990 1995 2015 2033 2050 2076 2094 2111 2117 2100 2076 2062 2042 2014 1982 1959 1960 1958 1931 1880 1843 1821 1811 1830 1855 1847 1818 1782 1751 1722 1709 1704 1702 1700 1696 1695 1692 1686 1685 1686 1683 1678 1676 1673 1672 1670
 2026 2019 2034 2060 2086 2098 2092 2080 2081 2078 2067 2036 1995 1969 1963 1972 1990 2009 2035 2059 2089 2110 2122 2108 2077 2059 2058 2047 2023 2004 1990 1965 1933 1888 1853 1833 1827 1842 1861 1855 1823 1788 1753 1723 1709 1703 1697 1696 1693 1691 1690 1689 1685 1683 1679 1676 1672 1673 1670 1673
 2015 2004 2020 2045 2067 2079 2070 2062 2065 2066 2060 2046 2014 1977 1947 1947 1970 1989 2017 2037 2056 2083 2100 2086 2059 2043 2048 2058 2054 2032 2001 1971 1929 1884 1864 1853 1846 1851 1855 1853 1820 1785 1752 1727 1708 1700 1695 1691 1690 1690 1688 1687 1687 1680 1677 1676 1669 1669 1668 1668
 1992 1990 2006 2023 2038 2048 2043 2046 2054 2055 2048 2030 2015 1989 1954 1927 1940 1965 1987 2004 2025 2054 2073 2064 2043 2029 2034 2057 2068 2041 2006 1970 1936 1921 1898 1877 1859 1850 1845 1834 1805 1777 1745 1728 1714 1703 1695 1688 1685 1685 1684 1685 1684 1678 1676 1672 1668 1667 1664 1663
 1976 1976 1978 1990 2007 2007 2005 2021 2033 2043 2040 2016 1998 1973 1947 1918 1915 1935 1954 1970 1996 2023 2041 2040 2027 2016 2022 2048 2071 2065 2040 2012 1985 1959 1923 1889 1866 1852 1842 1831 1807 1770 1740 1722 1713 1703 1695 1690 1684 1683 1680 1679 1677 1676 1672 1669 1668 1667 1663 1660
 1962 1952 1952 1968 1985 1977 1974 1990 2011 2027 2021 2005 1989 1968 1946 1923 1901 1912 1931 1951 1972 1991 2012 2018 2013 2000 2013 2041 2061 2070 2051 2018 1986 1949 1916 1887 1864 1850 1835 1820 1795 1768 1740 1719 1712 1705 1696 1689 1683 1680 1677 1676 1674 1671 1669 1667 1666 1663 1662 1660
 1957 1932 1926 1945 1967 1962 1958 1974 1998 2015 2004 1987 1977 1967 1951 1921 1898 1893 1908 1930 1954 1974 1990 1997 1993 1988 2003 2026 2054 2071 2058 2014 1984 1956 1935 1908 1873 1854 1833 1818 1798 1776 1748 1725 1710 1702 1695 1689 1684 1682 1679 1676 1670 1671 1670 1666 1664 1662 1658 1660
 1943 1923 1907 1927 1952 1945 1942 1959 1986 2002 1987 1964 1950 1945 1940 1918 1894 1881 1900 1933 1958 1973 1980 1981 1971 1974 1987 2007 2034 2059 2058 2024 1989 1961 1938 1907 1878 1852 1826 1815 1818 1799 1763 1732 1709 1697 1692 1687 1683 1677 1674 1673 1668 1668 1667 1665 1663 1662 1659 1657
 1918 1902 1895 1916 1932 1922 1922 1943 1970 1987 1971 1949 1922 1913 1912 1907 1892 1872 1894 1931 1962 1977 1980 1974 1960 1956 1967 1986 2015 2035 2034 2004 1967 1933 1905 1879 1855 1836 1818 1808 1815 1803 1765 1737 1712 1700 1688 1683 1678 1673 1672 1672 1670 1667 1664 1663 1661 1662 1657 1652
 1900 1880 1884 1908 1916 1907 1905 1927 1951 1965 1955 1932 1913 1896 1887 1884 1876 1865 1889 1927 1959 1980 1975 1960 1952 1943 1951 1968 1989 2004 2014 2003 1971 1939 1914 1890 1854 1825 1810 1800 1806 1807 1769 1735 1709 1698 1688 1684 1679 1673 1669 1667 1665 1666 1663 1662 1659 1659 1657 1655
 1888 1869 1880 1899 1902 1891 1893 1915 1934 1948 1945 1927 1909 1889 1877 1870 1860 1856 1882 1914 1948 1966 1951 1938 1942 1934 1939 1945 1953 1967 1979 1986 1963 1922 1892 1872 1843 1819 1801 1796 1799 1804 1769 1734 1711 1698 1687 1681 1677 1673 1667 1663 1662 1663 1661 1661 1658 1657 1654 1653
 1869 1859 1864 1878 1880 1875 1885 1907 1919 1932 1933 1926 1908 1892 1878 1869 1858 1848 1864 1902 1929 1937 1924 1914 1928 1930 1922 1924 1924 1928 1949 1974 1967 1938 1896 1870 1840 1813 1797 1785 1787 1797 1768 1734 1711 1696 1686 1681 1674 1671 1665 1661 1660 1659 1658 1657 1655 1655 1654 1656
 1856 1848 1849 1855 1858 1868 1887 1901 1920 1934 1939 1940 1932 1910 1889 1864 1848 1836 1849 1875 1892 1896 1891 1901 1924 1928 1905 1899 1898 1901 1920 1946 1966 1945 1911 1884 1849 1818 1790 1779 1782 1791 1765 1731 1706 1695 1684 1675 1670 1668 1662 1657 1659 1657 1658 1658 1655 1654 1653 1651
 1844 1842 1851 1861 1871 1889 1910 1926 1939 1957 1954 1944 1940 1920 1898 1869 1853 1841 1829 1843 1857 1863 1884 1904 1917 1921 1893 1868 1861 1869 1887 1907 1931 1934 1901 1866 1834 1806 1785 1772 1771 1781 1756 1726 1704 1691 1682 1672 1666 1661 1657 1653 1653 1656 1655 1652 1649 1651 1650 1651
 1828 1854 1873 1887 1896 1909 1935 1954 1962 1963 1953 1933 1921 1909 1890 1869 1853 1841 1821 1821 1831 1857 1882 1886 1885 1890 1878 1860 1835 1832 1839 1855 1881 1903 1898 1867 1837 1807 1776 1759 1760 1776 1752 1726 1701 1690 1680 1672 1663 1660 1656 1651 1650 1648 1651 1649 1648 1649 1649 1647
 1820 1836 1856 1883 1901 1916 1933 1953 1965 1962 1947 1928 1906 1890 1874 1857 1849 1835 1819 1810 1814 1837 1852 1852 1843 1846 1849 1845 1827 1804 1803 1815 1836 1856 1866 1868 1846 1807 1775 1753 1747 1765 1742 1715 1699 1688 1678 1672 1664 1661 1653 1649 1643 1644 1647 1646 1646 1646 1645 1646
 1818 1809 1831 1856 1880 1907 1934 1956 1975 1979 1970 1948 1920 1899 1879 1854 1844 1830 1825 1811 1805 1812 1822 1816 1807 1807 1808 1806 1803 1794 1774 1785 1797 1804 1820 1842 1840 1805 1773 1748 1740 1758 1739 1714 1700 1691 1679 1672 1665 1658 1653 1647 1639 1644 1643 1644 1646 1643 1642 1640
 1811 1801 1822 1845 1871 1899 1924 1946 1971 1994 2000 1971 1934 1905 1877 1862 1861 1865 1854 1834 1818 1803 1797 1790 1779 1778 1773 1770 1767 1767 1758 1755 1756 1762 1779 1799 1822 1810 1773 1740 1734 1749 1739 1716 1701 1688 1677 1670 1666 1663 1657 1651 1649 1649 1645 1645 1647 1647 1642 1639
 1792 1800 1822 1845 1870 1878 1898 1932 1963 1992 1999 1978 1944 1915 1892 1887 1895 1892 1880 1866 1847 1825 1817 1808 1798 1790 1782 1780 1768 1754 1744 1741 1735 1735 1745 1770 1794 1806 1777 1741 1727 1733 1730 1716 1701 1683 1675 1671 1667 1662 1657 1653 1651 1647 1646 1645 1643 1645 1642 1639
 1794 1790 1816 1840 1846 1859 1892 1935 1971 2003 2011 1995 1974 1951 1933 1926 1925 1916 1906 1893 1873 1868 1850 1833 1825 1824 1824 1812 1788 1771 1770 1763 1755 1735 1729 1744 1767 1792 1785 1748 1719 1719 1721 1705 1689 1674 1669 1667 1663 1661 1658 1657 1653 1650 1649 1647 1645 1644 1642 1643
 1804 1784 1802 1819 1831 1860 1901 1944 1986 2009 2012 1993 1974 1957 1946 1944 1936 1932 1934 1934 1923 1908 1877 1862 1864 1867 1854 1824 1808 1796 1778 1764 1759 1740 1722 1724 1740 1776 1784 1746 1717 1706 1713 1700 1685 1674 1668 1665 1663 1664 1664 1663 1662 1658 1655 1653 1649 1646 1644 1644
 1824 1793 1780 1799 1824 1854 1885 1930 1971 1994 2002 1988 1970 1955 1940 1930 1924 1925 1931 1939 1948 1935 1917 1912 1914 1894 1867 1847 1837 1808 1786 1765 1751 1737 1722 1715 1721 1749 1769 1746 1719 1706 1710 1701 1688 1678 1674 1671 1671 1667 1665 1662 1660 1661 1658 1655 1652 1651 1647 1645
 1838 1805 1777 1783 1809 1838 1869 1898 1924 1951 1979 1992 1978 1964 1951 1943 1922 1907 1904 1908 1916 1915 1923 1932 1939 1915 1891 1873 1846 1827 1806 1789 1769 1748 1735 1717 1713 1721 1735 1728 1709 1696 1698 1693 1687 1682 1678 1675 1673 1671 1668 1663 1663 1664 1661 1661 1659 1655 1649 1646
 1849 1825 1790 1776 1788 1810 1841 1867 1898 1927 1955 1983 1991 1984 1973 1959 1933 1908 1900 1885 1879 1879 1889 1911 1929 1934 1928 1903 1884 1865 1843 1815 1790 1771 1759 1737 1718 1707 1703 1698 1691 1689 1687 1685 1683 1680 1677 1677 1676 1674 1670 1668 1664 1662 1663 1667 1662 1659 1651 1646
 1882 1854 1818 1788 1777 1804 1846 1875 1905 1935 1951 1967 1975 1977 1973 1961 1941 1928 1913 1895 1873 1862 1861 1881 1897 1916 1934 1936 1926 1908 1880 1852 1827 1808 1787 1766 1748 1718 1705 1699 1701 1695 1689 1684 1678 1677 1677 1673 1674 1673 1669 1670 1667 1662 1660 1660 1658 1655 1649 1643
 1898 1872 1842 1802 1774 1788 1831 1859 1890 1927 1933 1931 1934 1943 1944 1940 1940 1924 1899 1881 1859 1842 1835 1845 1862 1884 1904 1917 1921 1921 1914 1892 1859 1827 1799 1769 1746 1726 1711 1709 1721 1715 1698 1688 1676 1673 1676 1674 1673 1672 1669 1665 1659 1656 1654 1651 1650 1647 1644 1641
 1903 1872 1842 1808 1777 1768 1792 1834 1870 1888 1889 1884 1890 1905 1911 1920 1928 1920 1895 1872 1851 1826 1811 1816 1833 1854 1868 1876 1881 1893 1902 1897 1872 1833 1808 1783 1759 1745 1731 1727 1734 1723 1701 1686 1676 1672 1670 1671 1672 1669 1667 1662 1656 1651 1648 1645 1644 1643 1641 1639
 1891 1874 1842 1817 1788 1760 1769 1804 1840 1852 1849 1846 1858 1868 1877 1896 1905 1895 1875 1857 1840 1818 1796 1794 1821 1832 1832 1833 1839 1851 1871 1877 1873 1857 1843 1813 1784 1763 1739 1734 1745 1732 1707 1683 1669 1664 1662 1664 1667 1665 1664 1659 1653 1647 1645 1642 1641 1640 1640 1639
 1868 1865 1838 1822 1802 1774 1762 1782 1800 1814 1817 1815 1824 1829 1841 1864 1869 1849 1829 1812 1801 1789 1766 1779 1811 1811 1797 1797 1809 1832 1853 1856 1845 1837 1830 1822 1790 1758 1727 1713 1725 1726 1707 1679 1664 1659 1658 1656 1657 1655 1652 1647 1645 1642 1640 1637 1638 1638 1642 1639
 1838 1849 1830 1806 1794 1776 1757 1758 1770 1786 1790 1778 1778 1791 1815 1840 1839 1806 1776 1763 1755 1740 1728 1744 1779 1785 1773 1781 1810 1839 1856 1840 1814 1796 1793 1783 1764 1745 1716 1693 1700 1711 1699 1670 1658 1654 1652 1652 1651 1648 1645 1645 1645 1641 1640 1639 1638 1636 1638 1637
