notebooks/landlab-terrainbento/coupled_process_elements/DEMData/SRTMGL3_37.738884_-120.168457_38.091337_-119.465576.tif
ncols        843
nrows        423
xllcorner    -120.168750000014
yllcorner    37.739583333338
cellsize     0.000833333333
NODATA_value 0
[rows 190 to 227 of 423, columns 420 to 503 of 843]
1258 1236 1224 1208 1192 1170 1155 1137 1117 1102 1093 1088 1097 1104 1107 1100 1101 1100 1093 1085 1074 1065 1061 1060 1081 1120 1176 1230 1250 1268 1298 1349 1414 1473 1526 1571 1604 1641 1680 1706 1725 1746 1761 1764 1771 1786 1783 1791 1805 1826 1845 1861 1875 1877 1886 1894 1913 1936 1953 1970 1987 2004 2026 2045 2064 2079 2093 2103 2118 2130 2136 2146 2151 2158 2168 2172 2176 2185 2197 2200 2199 2209 2215 2224
1236 1200 1173 1155 1145 1129 1110 1091 1078 1062 1056 1072 1084 1085 1083 1075 1072 1071 1072 1068 1065 1059 1060 1082 1108 1132 1176 1222 1250 1271 1304 1356 1405 1467 1526 1581 1610 1639 1667 1686 1706 1721 1734 1739 1747 1763 1769 1787 1810 1835 1848 1860 1863 1865 1875 1888 1910 1932 1957 1978 1997 2013 2034 2046 2058 2070 2071 2074 2096 2111 2123 2143 2151 2163 2172 2183 2196 2205 2210 2209 2216 2224 2229 2235
1224 1187 1154 1124 1105 1084 1069 1053 1044 1041 1043 1048 1053 1057 1049 1044 1044 1052 1054 1055 1060 1065 1084 1103 1121 1150 1186 1228 1249 1265 1300 1345 1406 1467 1519 1564 1591 1624 1639 1654 1679 1696 1707 1714 1727 1742 1757 1782 1812 1838 1853 1855 1856 1863 1878 1894 1914 1946 1968 1986 2001 2019 2036 2041 2048 2056 2053 2055 2077 2096 2112 2136 2157 2174 2187 2197 2209 2221 2226 2226 2231 2238 2237 2243
1215 1182 1150 1113 1081 1061 1051 1041 1038 1039 1043 1044 1043 1043 1042 1044 1047 1052 1054 1059 1069 1083 1103 1113 1129 1160 1196 1238 1251 1262 1294 1350 1409 1462 1505 1536 1559 1595 1619 1637 1662 1680 1696 1711 1726 1735 1757 1786 1814 1839 1848 1851 1853 1863 1880 1904 1931 1950 1968 1981 1995 2011 2027 2030 2040 2041 2037 2039 2065 2088 2113 2141 2160 2184 2197 2204 2213 2219 2225 2227 2226 2226 2229 2235
1209 1177 1143 1117 1082 1058 1046 1039 1047 1045 1046 1042 1040 1038 1041 1051 1057 1062 1066 1073 1084 1092 1110 1128 1149 1170 1196 1223 1246 1261 1295 1344 1396 1444 1483 1517 1534 1563 1593 1624 1649 1673 1690 1708 1719 1736 1760 1792 1818 1832 1842 1845 1853 1870 1896 1918 1938 1958 1968 1980 1988 2002 2015 2021 2030 2023 2023 2032 2050 2078 2104 2138 2155 2172 2181 2188 2194 2201 2202 2210 2210 2213 2213 2217
1196 1162 1138 1123 1096 1072 1059 1057 1053 1047 1043 1040 1039 1040 1039 1049 1064 1072 1076 1084 1091 1100 1124 1150 1175 1197 1209 1222 1242 1264 1296 1328 1367 1408 1453 1489 1515 1547 1579 1606 1627 1653 1679 1703 1713 1730 1761 1792 1815 1829 1837 1850 1868 1888 1905 1923 1946 1958 1963 1970 1978 1998 2007 2012 2010 2007 2010 2024 2036 2054 2084 2110 2134 2150 2161 2167 2170 2174 2173 2178 2185 2186 2188 2186
1171 1141 1124 1114 1103 1086 1077 1075 1067 1053 1039 1036 1043 1044 1045 1060 1071 1079 1084 1092 1105 1131 1159 1184 1205 1222 1236 1247 1261 1285 1310 1335 1365 1395 1433 1470 1505 1536 1573 1596 1620 1646 1669 1692 1708 1722 1761 1790 1810 1819 1838 1859 1885 1900 1919 1936 1950 1955 1958 1968 1975 1994 2000 1996 1995 1992 1996 2007 2013 2021 2052 2077 2102 2121 2131 2136 2141 2141 2144 2144 2152 2154 2157 2157
1134 1106 1091 1086 1090 1093 1089 1081 1072 1057 1041 1034 1038 1052 1066 1082 1085 1091 1100 1109 1128 1155 1181 1201 1221 1234 1247 1263 1281 1309 1333 1353 1383 1415 1453 1486 1512 1546 1574 1594 1618 1640 1657 1682 1708 1731 1760 1784 1803 1819 1838 1865 1886 1903 1925 1946 1949 1949 1958 1966 1972 1987 1990 1986 1981 1974 1981 1992 2001 2008 2020 2043 2062 2082 2096 2103 2105 2112 2115 2117 2124 2127 2133 2138
1094 1086 1081 1070 1062 1060 1060 1064 1067 1050 1037 1031 1039 1065 1090 1104 1110 1111 1125 1135 1149 1166 1189 1217 1234 1247 1261 1275 1295 1323 1344 1368 1400 1441 1480 1513 1541 1564 1586 1607 1626 1638 1652 1677 1700 1725 1756 1784 1804 1818 1838 1855 1876 1899 1924 1940 1946 1945 1953 1961 1968 1981 1982 1977 1969 1963 1966 1982 1991 1999 2004 2020 2039 2053 2066 2075 2083 2089 2091 2099 2102 2101 2116 2128
1088 1087 1084 1067 1046 1030 1024 1032 1036 1028 1025 1034 1058 1095 1125 1140 1149 1151 1158 1162 1177 1190 1208 1239 1263 1270 1276 1290 1305 1330 1355 1384 1416 1453 1492 1524 1552 1584 1604 1618 1629 1644 1655 1672 1700 1728 1756 1787 1807 1819 1838 1858 1874 1890 1913 1930 1937 1939 1947 1953 1961 1970 1976 1969 1961 1951 1963 1971 1977 1985 1992 2004 2018 2029 2041 2052 2058 2064 2070 2073 2084 2092 2104 2115
1084 1083 1081 1070 1049 1032 1027 1035 1037 1037 1041 1050 1077 1123 1151 1168 1185 1195 1199 1208 1221 1231 1245 1277 1295 1302 1307 1319 1335 1349 1371 1400 1426 1460 1499 1535 1566 1597 1618 1627 1640 1658 1665 1674 1694 1728 1758 1782 1800 1815 1832 1857 1876 1890 1909 1924 1935 1942 1945 1951 1958 1966 1966 1960 1956 1947 1955 1969 1970 1970 1975 1988 2002 2011 2016 2026 2035 2042 2043 2052 2067 2086 2099 2107
1082 1083 1083 1073 1048 1030 1024 1031 1041 1053 1063 1070 1096 1139 1176 1204 1223 1233 1247 1269 1279 1284 1294 1310 1325 1334 1337 1343 1364 1379 1401 1421 1445 1478 1506 1539 1571 1600 1621 1632 1645 1660 1669 1681 1704 1736 1766 1790 1799 1814 1837 1863 1876 1891 1907 1921 1932 1940 1942 1945 1954 1957 1955 1950 1948 1945 1948 1955 1958 1962 1965 1970 1980 1989 1996 2006 2014 2021 2031 2041 2052 2069 2084 2105
1071 1078 1074 1055 1033 1023 1036 1053 1064 1077 1085 1091 1113 1160 1206 1248 1270 1294 1324 1334 1337 1342 1349 1360 1365 1371 1378 1387 1405 1417 1433 1451 1468 1487 1510 1534 1567 1593 1611 1629 1645 1656 1666 1691 1718 1745 1771 1789 1805 1821 1845 1863 1877 1894 1908 1924 1933 1943 1945 1946 1951 1951 1946 1940 1941 1943 1941 1941 1944 1948 1951 1955 1967 1977 1984 1994 2001 2007 2019 2028 2036 2055 2078 2104
1046 1047 1032 1023 1028 1037 1059 1075 1084 1091 1096 1097 1125 1171 1226 1273 1304 1338 1365 1379 1386 1388 1393 1405 1411 1414 1420 1425 1444 1455 1468 1477 1490 1503 1516 1539 1562 1583 1601 1621 1637 1652 1673 1703 1734 1755 1779 1795 1814 1828 1852 1870 1879 1900 1915 1925 1932 1940 1942 1944 1945 1942 1941 1945 1948 1950 1949 1946 1943 1941 1946 1951 1957 1961 1969 1977 1986 1990 1999 2007 2020 2035 2063 2090
1031 1026 1024 1029 1032 1052 1078 1099 1109 1113 1111 1119 1152 1196 1244 1286 1324 1359 1384 1399 1408 1415 1421 1435 1447 1450 1453 1470 1487 1491 1496 1503 1507 1516 1525 1542 1560 1587 1606 1628 1648 1662 1681 1711 1741 1763 1784 1799 1822 1843 1862 1879 1894 1910 1921 1929 1935 1940 1944 1943 1938 1935 1937 1945 1954 1957 1957 1956 1950 1938 1943 1951 1956 1957 1960 1965 1962 1971 1984 1993 2007 2019 2037 2062
1021 1021 1029 1033 1035 1055 1088 1106 1116 1124 1128 1148 1182 1221 1269 1311 1349 1376 1394 1411 1425 1436 1447 1467 1478 1486 1496 1511 1518 1522 1527 1534 1539 1541 1548 1564 1575 1590 1606 1628 1653 1681 1697 1718 1743 1764 1788 1803 1836 1858 1877 1899 1921 1924 1925 1930 1934 1940 1944 1940 1936 1933 1936 1942 1951 1960 1963 1962 1955 1953 1952 1950 1951 1951 1944 1944 1942 1956 1968 1979 1985 1999 2011 2021
1023 1027 1030 1038 1051 1079 1105 1121 1126 1138 1152 1177 1209 1239 1288 1332 1369 1392 1409 1427 1445 1458 1473 1490 1504 1512 1522 1531 1538 1544 1551 1555 1560 1569 1574 1578 1586 1601 1620 1640 1670 1695 1713 1729 1756 1781 1801 1817 1850 1870 1892 1907 1920 1928 1928 1931 1937 1939 1942 1936 1926 1927 1938 1943 1957 1969 1973 1968 1962 1963 1963 1962 1956 1948 1942 1940 1937 1947 1959 1968 1974 1982 1990 1991
1020 1022 1031 1038 1051 1083 1115 1136 1147 1164 1187 1222 1256 1291 1327 1364 1392 1410 1429 1449 1469 1484 1503 1515 1521 1529 1538 1543 1553 1567 1572 1573 1579 1587 1588 1595 1604 1623 1645 1666 1690 1708 1728 1746 1770 1788 1804 1838 1861 1882 1899 1913 1923 1928 1928 1932 1934 1937 1936 1927 1926 1936 1946 1952 1963 1971 1975 1976 1979 1974 1970 1971 1969 1962 1958 1951 1950 1953 1962 1966 1968 1967 1967 1974
1028 1032 1036 1046 1064 1080 1105 1136 1169 1190 1216 1250 1290 1326 1371 1399 1420 1448 1464 1487 1514 1527 1536 1544 1547 1552 1558 1570 1579 1582 1588 1596 1600 1602 1610 1627 1642 1650 1663 1682 1695 1712 1740 1759 1783 1796 1821 1850 1874 1891 1904 1909 1914 1918 1923 1925 1922 1925 1925 1918 1924 1939 1953 1962 1969 1973 1974 1975 1977 1975 1976 1979 1981 1975 1969 1966 1960 1961 1962 1961 1960 1961 1964 1967
1041 1042 1046 1060 1081 1095 1109 1134 1160 1195 1237 1275 1310 1359 1404 1434 1459 1487 1504 1529 1554 1571 1579 1583 1582 1585 1594 1603 1606 1603 1611 1618 1627 1635 1644 1658 1662 1665 1676 1689 1705 1725 1748 1769 1786 1813 1835 1853 1877 1887 1891 1901 1905 1904 1906 1911 1911 1912 1907 1910 1925 1945 1956 1960 1965 1963 1964 1964 1964 1959 1963 1969 1978 1983 1983 1975 1971 1971 1970 1965 1960 1958 1961 1966
1066 1079 1088 1097 1106 1116 1122 1141 1169 1209 1261 1302 1339 1380 1421 1452 1479 1508 1538 1566 1588 1599 1604 1603 1603 1617 1626 1635 1641 1638 1640 1648 1653 1662 1669 1674 1675 1680 1692 1700 1719 1742 1763 1775 1793 1821 1839 1855 1878 1879 1879 1882 1884 1886 1888 1895 1897 1899 1898 1910 1929 1939 1944 1948 1948 1949 1950 1951 1951 1946 1949 1952 1964 1978 1987 1991 1991 1986 1979 1977 1977 1971 1966 1968
1117 1133 1143 1140 1141 1146 1151 1166 1196 1239 1291 1333 1367 1401 1436 1470 1498 1537 1567 1586 1602 1612 1615 1618 1626 1645 1658 1667 1676 1681 1686 1688 1689 1692 1694 1700 1698 1704 1706 1712 1733 1754 1770 1784 1805 1821 1842 1862 1875 1869 1866 1871 1871 1875 1875 1880 1885 1887 1895 1912 1922 1926 1926 1928 1934 1938 1940 1938 1937 1939 1933 1938 1948 1962 1974 1990 2000 2002 2000 1998 1994 1989 1985 1983
1181 1180 1179 1178 1181 1187 1194 1201 1228 1276 1319 1354 1387 1418 1455 1491 1532 1571 1593 1603 1612 1614 1616 1627 1646 1668 1687 1696 1701 1706 1703 1703 1702 1705 1708 1710 1708 1715 1724 1736 1749 1764 1780 1795 1814 1827 1843 1855 1858 1859 1859 1861 1863 1871 1874 1876 1875 1876 1883 1898 1911 1910 1913 1915 1918 1916 1917 1920 1920 1931 1928 1932 1947 1967 1978 1990 1998 2005 2009 2014 2017 2019 2013 2002
1242 1235 1229 1223 1226 1231 1234 1241 1267 1302 1334 1367 1408 1444 1480 1518 1556 1588 1605 1612 1616 1616 1623 1641 1657 1675 1696 1704 1714 1711 1707 1705 1705 1709 1713 1715 1716 1726 1740 1756 1768 1782 1798 1807 1814 1823 1832 1834 1840 1849 1851 1855 1860 1866 1870 1870 1868 1863 1872 1880 1888 1894 1897 1899 1900 1899 1899 1903 1908 1916 1925 1934 1942 1965 1981 1986 1988 1997 2002 2014 2027 2030 2035 2026
1297 1292 1286 1286 1288 1281 1283 1285 1294 1314 1348 1387 1426 1463 1497 1533 1572 1588 1597 1606 1617 1623 1630 1647 1666 1676 1684 1691 1700 1703 1712 1716 1718 1715 1716 1717 1723 1734 1757 1775 1785 1791 1800 1804 1806 1812 1819 1826 1836 1842 1846 1849 1855 1860 1864 1866 1867 1868 1870 1872 1872 1880 1884 1879 1883 1886 1894 1900 1906 1911 1922 1930 1947 1963 1975 1981 1985 1990 2002 2013 2024 2036 2043 2044
1344 1348 1348 1345 1335 1325 1328 1327 1324 1343 1367 1396 1434 1472 1497 1529 1567 1582 1593 1604 1615 1619 1627 1648 1668 1679 1685 1689 1695 1705 1715 1719 1720 1717 1716 1714 1723 1743 1769 1780 1784 1786 1791 1793 1799 1811 1821 1826 1832 1841 1845 1848 1850 1857 1863 1867 1870 1871 1868 1868 1866 1868 1870 1873 1877 1882 1887 1892 1903 1911 1921 1933 1948 1960 1970 1982 1993 2003 2016 2024 2031 2044 2047 2054
1361 1373 1376 1379 1376 1370 1373 1371 1366 1366 1377 1403 1443 1477 1496 1519 1545 1569 1584 1594 1605 1612 1626 1643 1658 1672 1680 1690 1694 1706 1718 1719 1719 1715 1714 1719 1726 1742 1756 1769 1774 1778 1784 1790 1805 1814 1819 1823 1828 1834 1837 1840 1848 1858 1860 1861 1864 1867 1864 1863 1855 1852 1860 1871 1873 1876 1882 1887 1899 1910 1917 1927 1942 1948 1958 1970 1987 2005 2019 2030 2041 2052 2057 2065
1359 1375 1384 1390 1391 1396 1403 1405 1400 1398 1397 1416 1454 1482 1496 1511 1531 1552 1573 1591 1597 1604 1615 1631 1643 1655 1667 1682 1698 1707 1715 1722 1721 1719 1720 1724 1731 1743 1755 1766 1768 1780 1785 1796 1803 1810 1817 1823 1829 1833 1833 1836 1843 1852 1861 1862 1861 1867 1863 1858 1852 1851 1855 1859 1857 1863 1875 1879 1889 1899 1909 1916 1925 1934 1946 1953 1973 1994 2008 2026 2045 2052 2062 2076
1361 1370 1379 1388 1402 1412 1422 1423 1427 1429 1432 1440 1457 1473 1485 1499 1516 1534 1553 1572 1588 1600 1603 1612 1629 1645 1660 1679 1699 1705 1713 1716 1714 1720 1727 1734 1743 1750 1764 1765 1776 1785 1790 1801 1804 1810 1815 1820 1826 1831 1833 1834 1839 1849 1857 1857 1862 1867 1864 1857 1852 1856 1863 1868 1865 1869 1879 1884 1891 1896 1903 1911 1917 1926 1937 1951 1968 1986 2007 2028 2048 2057 2063 2068
1375 1380 1386 1393 1407 1417 1423 1428 1444 1440 1438 1449 1462 1467 1476 1489 1508 1525 1541 1553 1569 1588 1598 1606 1629 1648 1663 1675 1687 1697 1705 1709 1718 1733 1733 1736 1744 1757 1771 1781 1782 1787 1799 1807 1810 1815 1818 1821 1821 1829 1834 1832 1833 1845 1853 1856 1860 1864 1867 1866 1869 1877 1874 1880 1884 1890 1893 1898 1904 1910 1914 1920 1926 1933 1940 1953 1967 1984 2005 2026 2036 2049 2055 2059
1398 1397 1397 1400 1404 1410 1417 1422 1438 1442 1438 1447 1461 1469 1472 1480 1492 1510 1531 1543 1560 1580 1589 1596 1617 1643 1661 1666 1674 1682 1690 1706 1724 1735 1735 1739 1759 1776 1783 1789 1793 1796 1805 1810 1815 1817 1817 1820 1826 1831 1834 1833 1832 1836 1845 1848 1854 1859 1869 1875 1882 1888 1888 1895 1899 1900 1907 1910 1914 1918 1925 1929 1937 1947 1951 1965 1973 1990 2001 2017 2027 2037 2044 2047
1423 1421 1422 1416 1414 1421 1425 1427 1434 1444 1448 1449 1453 1464 1478 1482 1485 1497 1519 1538 1554 1568 1584 1597 1609 1629 1646 1659 1678 1693 1706 1716 1724 1732 1741 1759 1778 1789 1794 1800 1802 1806 1809 1814 1816 1820 1822 1825 1827 1830 1830 1831 1834 1833 1834 1844 1851 1851 1863 1871 1881 1884 1889 1900 1905 1910 1917 1920 1925 1929 1932 1937 1943 1949 1956 1965 1979 1990 1998 2008 2014 2021 2022 2025
1438 1442 1442 1435 1428 1428 1437 1441 1437 1439 1448 1453 1454 1463 1480 1489 1497 1499 1511 1529 1541 1551 1576 1595 1608 1623 1641 1663 1681 1701 1712 1719 1731 1737 1754 1772 1788 1796 1800 1804 1806 1812 1814 1816 1821 1823 1823 1826 1828 1829 1827 1827 1830 1835 1838 1847 1849 1845 1853 1859 1867 1879 1888 1898 1906 1919 1923 1928 1933 1942 1944 1951 1952 1957 1967 1972 1979 1988 1992 2000 2000 1997 1998 2002
1445 1451 1449 1446 1444 1442 1442 1451 1448 1444 1448 1453 1465 1466 1472 1487 1499 1506 1517 1524 1532 1542 1566 1589 1602 1624 1646 1670 1694 1703 1711 1727 1736 1749 1766 1783 1791 1799 1804 1808 1809 1810 1816 1823 1823 1822 1822 1828 1831 1833 1833 1834 1831 1833 1838 1844 1846 1844 1846 1850 1857 1871 1885 1896 1909 1921 1928 1933 1942 1952 1953 1959 1963 1967 1976 1977 1983 1985 1988 1988 1986 1985 1985 1987
1460 1459 1460 1458 1456 1452 1450 1452 1454 1450 1450 1457 1464 1475 1481 1485 1492 1502 1514 1523 1533 1545 1569 1586 1599 1616 1640 1671 1694 1703 1715 1732 1743 1755 1771 1785 1799 1802 1807 1807 1809 1814 1821 1823 1820 1819 1822 1830 1830 1832 1838 1844 1847 1845 1848 1848 1849 1851 1854 1856 1856 1867 1879 1890 1903 1916 1923 1929 1937 1941 1943 1953 1962 1968 1972 1974 1972 1969 1969 1972 1974 1973 1975 1974
1472 1469 1467 1470 1473 1469 1467 1466 1463 1460 1460 1465 1472 1480 1488 1496 1499 1504 1515 1525 1533 1544 1566 1584 1603 1621 1641 1672 1689 1700 1715 1732 1746 1764 1779 1793 1804 1811 1813 1815 1820 1820 1822 1820 1820 1820 1827 1828 1833 1844 1853 1859 1862 1865 1868 1871 1875 1875 1877 1880 1874 1872 1875 1879 1892 1902 1913 1918 1926 1933 1938 1949 1957 1964 1964 1960 1961 1960 1958 1958 1957 1954 1956 1957
1486 1485 1479 1480 1476 1475 1473 1473 1470 1466 1466 1474 1479 1487 1499 1507 1510 1511 1520 1530 1535 1548 1565 1585 1606 1628 1643 1660 1679 1693 1714 1738 1750 1770 1783 1796 1803 1811 1817 1819 1822 1825 1821 1818 1820 1825 1828 1833 1837 1849 1860 1865 1870 1875 1883 1888 1885 1892 1899 1905 1905 1899 1899 1891 1887 1888 1900 1911 1916 1924 1934 1941 1947 1950 1953 1952 1952 1953 1951 1950 1950 1949 1947 1950
1498 1500 1499 1497 1492 1487 1481 1473 1471 1476 1484 1483 1488 1497 1509 1513 1518 1519 1521 1526 1536 1547 1566 1587 1612 1632 1653 1673 1688 1704 1717 1739 1759 1777 1791 1801 1809 1814 1819 1824 1821 1819 1820 1820 1822 1830 1834 1839 1846 1856 1871 1877 1880 1887 1896 1896 1899 1911 1923 1923 1922 1922 1919 1912 1908 1904 1899 1904 1909 1921 1930 1935 1936 1938 1944 1942 1943 1944 1941 1944 1946 1947 1952 1962
