notebooks/landlab-terrainbento/coupled_process_elements/DEMData/SRTMGL1_40.015_-105.3_40.065_-105.25.tif
ncols        180
nrows        180
xllcorner    -105.300138888879
yllcorner    40.015138888886
cellsize     0.000277777778
NODATA_value -32768
[rows 76 to 113 of 180, columns 84 to 167 of 180]
1679 1679 1679 1679 1680 1680 1680 1678 1675 1673 1672 1672 1673 1672 1672 1672 1670 1669 1665 1664 1666 1665 1664 1663 1661 1659 1657 1657 1658 1659 1658 1659 1658 1655 1655 1654 1654 1655 1656 1653 1649 1648 1648 1650 1651 1651 1650 1647 1643 1643 1645 1648 1648 1644 1641 1640 1641 1642 1644 1643 1643 1643 1641 1639 1638 1639 1642 1643 1644 1643 1642 1641 1640 1639 1639 1638 1636 1635 1634 1635 1634 1634 1633 1633
1680 1679 1679 1679 1679 1678 1678 1676 1674 1673 1672 1671 1671 1674 1675 1673 1671 1668 1666 1665 1666 1666 1664 1662 1661 1658 1658 1660 1660 1659 1657 1656 1656 1656 1655 1655 1654 1655 1654 1653 1648 1645 1644 1646 1648 1649 1651 1648 1643 1641 1642 1645 1646 1644 1643 1642 1642 1643 1642 1641 1640 1641 1640 1638 1637 1637 1639 1641 1642 1643 1642 1640 1638 1638 1638 1636 1634 1632 1633 1635 1636 1634 1633 1633
1681 1679 1677 1676 1675 1674 1674 1674 1674 1673 1670 1668 1669 1673 1676 1673 1669 1666 1665 1665 1665 1664 1661 1659 1658 1657 1658 1660 1660 1658 1655 1653 1653 1654 1654 1654 1654 1653 1652 1649 1645 1642 1644 1645 1646 1646 1647 1646 1642 1640 1641 1643 1644 1644 1644 1643 1642 1640 1639 1638 1637 1638 1639 1640 1639 1639 1639 1641 1642 1642 1641 1639 1638 1637 1637 1636 1633 1631 1631 1634 1635 1635 1635 1634
1679 1676 1673 1671 1671 1670 1670 1670 1669 1668 1666 1664 1665 1668 1669 1670 1667 1664 1663 1662 1660 1658 1656 1656 1657 1656 1656 1657 1657 1656 1652 1651 1651 1650 1650 1651 1650 1650 1647 1646 1642 1642 1643 1644 1644 1643 1644 1644 1642 1641 1641 1642 1642 1643 1643 1644 1643 1641 1638 1637 1636 1637 1639 1641 1642 1641 1641 1642 1641 1640 1639 1638 1637 1636 1637 1636 1636 1632 1631 1633 1635 1636 1636 1633
1673 1671 1669 1668 1666 1666 1666 1665 1663 1664 1663 1662 1662 1662 1661 1663 1663 1660 1658 1657 1654 1652 1652 1655 1657 1657 1655 1655 1657 1655 1652 1650 1648 1647 1646 1647 1647 1646 1646 1643 1642 1640 1639 1640 1640 1640 1641 1642 1641 1641 1641 1641 1641 1641 1642 1643 1643 1641 1639 1637 1636 1637 1639 1640 1641 1640 1640 1640 1641 1640 1639 1637 1636 1636 1637 1638 1639 1636 1633 1633 1635 1637 1636 1633
1669 1668 1668 1666 1664 1663 1663 1662 1660 1657 1659 1658 1659 1657 1654 1654 1655 1653 1651 1648 1649 1649 1650 1654 1657 1656 1654 1655 1655 1655 1650 1649 1648 1646 1645 1645 1644 1642 1641 1643 1640 1638 1636 1638 1638 1639 1640 1641 1640 1640 1640 1640 1640 1640 1641 1641 1640 1639 1638 1638 1637 1637 1637 1638 1638 1636 1637 1639 1640 1640 1639 1638 1636 1635 1636 1638 1638 1637 1635 1635 1636 1636 1635 1632
1667 1666 1667 1666 1663 1661 1661 1662 1660 1657 1656 1657 1655 1654 1652 1650 1650 1649 1647 1648 1650 1651 1650 1652 1655 1653 1651 1649 1649 1648 1647 1646 1648 1647 1645 1644 1642 1638 1637 1638 1638 1637 1638 1638 1638 1638 1640 1640 1640 1640 1639 1639 1639 1640 1640 1640 1639 1639 1639 1638 1638 1637 1636 1636 1633 1633 1634 1637 1640 1641 1641 1640 1638 1636 1636 1636 1637 1637 1636 1635 1634 1634 1633 1630
1664 1664 1663 1662 1661 1658 1659 1660 1660 1657 1655 1654 1653 1652 1652 1651 1649 1648 1647 1648 1649 1649 1647 1647 1652 1651 1646 1644 1645 1645 1643 1643 1646 1646 1644 1643 1640 1637 1635 1635 1636 1636 1637 1639 1639 1639 1639 1640 1640 1639 1640 1639 1639 1640 1641 1641 1640 1639 1639 1639 1637 1637 1636 1634 1632 1631 1635 1638 1639 1641 1641 1640 1638 1636 1635 1636 1635 1636 1635 1635 1635 1634 1633 1632
1662 1661 1659 1658 1656 1656 1657 1657 1656 1653 1651 1650 1651 1651 1652 1651 1650 1649 1648 1647 1647 1645 1643 1643 1644 1646 1645 1643 1645 1645 1643 1643 1643 1643 1642 1641 1640 1637 1636 1634 1633 1633 1634 1638 1641 1639 1638 1639 1639 1639 1638 1638 1638 1639 1641 1640 1640 1639 1638 1637 1636 1634 1633 1632 1632 1634 1637 1638 1637 1637 1638 1639 1638 1636 1636 1636 1635 1634 1634 1635 1635 1634 1633 1633
1660 1658 1657 1655 1654 1655 1655 1654 1653 1651 1650 1649 1649 1649 1650 1651 1648 1648 1648 1647 1645 1642 1641 1640 1641 1641 1643 1645 1646 1646 1646 1644 1643 1641 1640 1641 1641 1640 1637 1635 1632 1631 1633 1638 1639 1638 1636 1636 1637 1637 1637 1636 1636 1637 1638 1639 1638 1637 1636 1635 1633 1633 1631 1629 1630 1633 1636 1635 1632 1632 1635 1638 1637 1636 1636 1637 1636 1635 1634 1635 1635 1634 1633 1633
1660 1657 1655 1652 1652 1653 1654 1652 1651 1651 1650 1649 1648 1647 1647 1646 1646 1646 1648 1646 1644 1642 1642 1643 1640 1640 1641 1643 1645 1645 1644 1644 1641 1638 1637 1639 1643 1642 1640 1636 1634 1633 1635 1637 1639 1638 1636 1635 1636 1637 1637 1636 1635 1636 1636 1636 1637 1637 1635 1634 1632 1633 1632 1631 1631 1632 1634 1633 1631 1630 1634 1636 1636 1635 1636 1637 1638 1637 1636 1636 1636 1635 1634 1635
1660 1658 1655 1653 1651 1652 1652 1650 1649 1650 1651 1650 1650 1649 1646 1644 1643 1644 1645 1644 1642 1642 1644 1644 1643 1642 1640 1640 1641 1642 1642 1640 1640 1637 1636 1637 1640 1643 1640 1635 1634 1636 1637 1637 1638 1638 1636 1634 1635 1635 1635 1636 1636 1634 1633 1635 1636 1636 1635 1633 1633 1633 1634 1634 1633 1633 1633 1635 1634 1634 1634 1635 1636 1635 1635 1637 1636 1637 1637 1638 1637 1637 1637 1636
1658 1657 1655 1653 1652 1652 1652 1650 1650 1652 1652 1651 1651 1650 1648 1645 1644 1643 1642 1641 1640 1642 1644 1646 1646 1644 1641 1639 1639 1639 1639 1639 1638 1638 1636 1635 1639 1640 1638 1634 1633 1636 1636 1636 1636 1635 1633 1631 1631 1632 1634 1636 1635 1632 1631 1632 1635 1635 1633 1632 1632 1632 1634 1633 1633 1632 1632 1632 1632 1631 1631 1632 1634 1635 1636 1636 1636 1634 1635 1636 1637 1636 1638 1638
1655 1654 1655 1652 1652 1652 1652 1652 1653 1653 1652 1651 1650 1649 1648 1647 1645 1643 1641 1640 1642 1642 1643 1645 1646 1645 1638 1636 1635 1636 1637 1639 1641 1639 1636 1637 1638 1639 1637 1633 1632 1633 1634 1634 1633 1633 1631 1630 1630 1631 1634 1635 1634 1632 1630 1631 1634 1633 1631 1630 1630 1631 1633 1633 1634 1634 1631 1630 1628 1628 1628 1629 1631 1633 1635 1636 1635 1632 1630 1630 1632 1635 1638 1639
1653 1654 1654 1654 1652 1652 1652 1652 1653 1653 1651 1649 1647 1647 1648 1649 1647 1644 1643 1644 1644 1644 1642 1644 1647 1644 1638 1633 1634 1633 1637 1641 1641 1639 1636 1636 1636 1635 1635 1633 1631 1632 1634 1634 1635 1633 1631 1629 1629 1632 1634 1636 1637 1635 1632 1632 1633 1634 1633 1632 1630 1631 1632 1634 1636 1635 1633 1629 1628 1628 1628 1628 1629 1631 1632 1632 1632 1632 1630 1629 1631 1633 1635 1634
1654 1654 1655 1653 1652 1652 1651 1651 1652 1653 1652 1650 1647 1647 1650 1651 1649 1647 1646 1647 1648 1646 1644 1644 1645 1643 1638 1635 1633 1636 1639 1642 1642 1638 1635 1634 1631 1632 1633 1634 1633 1632 1632 1634 1634 1633 1631 1628 1628 1631 1635 1638 1640 1639 1634 1633 1634 1635 1636 1633 1633 1632 1632 1634 1636 1637 1633 1630 1630 1630 1629 1630 1629 1630 1630 1630 1631 1632 1632 1630 1631 1631 1631 1630
1655 1654 1653 1653 1651 1651 1650 1649 1650 1653 1653 1650 1648 1648 1650 1651 1650 1647 1647 1647 1648 1645 1644 1643 1642 1641 1638 1637 1635 1637 1640 1642 1641 1638 1633 1630 1628 1629 1633 1635 1635 1633 1633 1633 1633 1632 1630 1628 1627 1631 1635 1638 1638 1636 1632 1631 1633 1634 1632 1633 1633 1634 1634 1634 1635 1635 1634 1632 1630 1629 1630 1629 1630 1631 1631 1631 1632 1633 1633 1631 1630 1630 1630 1632
1654 1652 1652 1651 1653 1652 1650 1648 1649 1651 1653 1650 1647 1646 1648 1650 1648 1646 1646 1646 1645 1643 1642 1642 1642 1640 1640 1638 1637 1637 1640 1640 1640 1638 1634 1630 1628 1629 1633 1635 1636 1637 1637 1637 1635 1631 1629 1628 1628 1631 1634 1635 1633 1630 1628 1629 1630 1630 1630 1631 1633 1634 1634 1632 1631 1632 1633 1632 1629 1628 1628 1628 1630 1632 1632 1632 1632 1634 1634 1633 1632 1632 1633 1634
1652 1651 1651 1652 1653 1653 1650 1649 1649 1652 1652 1650 1646 1645 1648 1649 1648 1646 1644 1643 1643 1642 1643 1643 1642 1640 1640 1641 1640 1640 1641 1640 1639 1637 1634 1632 1631 1633 1634 1635 1637 1638 1637 1637 1634 1631 1629 1628 1627 1627 1631 1632 1630 1628 1628 1629 1629 1630 1631 1632 1633 1633 1632 1631 1630 1631 1633 1631 1630 1629 1629 1629 1630 1631 1631 1631 1631 1633 1634 1634 1633 1633 1633 1636
1653 1652 1652 1653 1653 1652 1650 1650 1652 1653 1652 1648 1647 1648 1650 1651 1649 1647 1644 1642 1642 1642 1643 1644 1642 1639 1638 1639 1641 1642 1641 1640 1639 1637 1635 1633 1633 1635 1635 1636 1636 1636 1635 1633 1633 1631 1630 1628 1625 1625 1627 1630 1629 1630 1630 1630 1631 1632 1633 1634 1635 1634 1633 1631 1631 1632 1631 1630 1628 1630 1630 1630 1631 1631 1630 1630 1630 1631 1631 1631 1630 1631 1632 1632
1654 1654 1655 1655 1654 1652 1649 1649 1651 1653 1651 1650 1650 1653 1653 1651 1650 1648 1645 1643 1642 1642 1642 1644 1643 1641 1640 1640 1641 1641 1640 1640 1640 1639 1637 1636 1635 1635 1635 1634 1634 1634 1631 1630 1630 1630 1630 1628 1625 1623 1627 1630 1631 1632 1632 1632 1634 1635 1635 1635 1636 1635 1633 1632 1631 1630 1629 1628 1629 1631 1632 1632 1631 1631 1631 1630 1630 1630 1628 1627 1627 1629 1631 1630
1654 1655 1657 1656 1655 1654 1652 1650 1650 1650 1650 1651 1654 1655 1653 1649 1648 1648 1646 1644 1644 1643 1646 1646 1645 1643 1642 1641 1640 1639 1639 1640 1640 1639 1638 1637 1636 1634 1634 1633 1632 1632 1630 1626 1626 1626 1630 1629 1627 1627 1629 1632 1632 1632 1632 1634 1634 1635 1635 1636 1637 1635 1634 1631 1631 1630 1629 1629 1630 1631 1632 1631 1630 1630 1630 1630 1630 1629 1626 1624 1624 1628 1629 1627
1653 1654 1655 1654 1654 1654 1654 1653 1650 1648 1649 1652 1653 1653 1650 1647 1645 1645 1644 1644 1643 1644 1646 1646 1641 1638 1639 1639 1638 1638 1640 1640 1640 1638 1636 1637 1636 1635 1635 1634 1634 1632 1631 1629 1627 1629 1632 1633 1631 1630 1631 1632 1632 1632 1632 1633 1633 1634 1636 1637 1636 1636 1634 1633 1630 1630 1632 1631 1630 1630 1630 1629 1628 1628 1627 1628 1629 1628 1626 1625 1625 1624 1625 1623
1653 1653 1654 1654 1654 1656 1655 1653 1650 1648 1648 1650 1650 1650 1650 1648 1647 1644 1644 1643 1642 1642 1643 1641 1638 1635 1636 1638 1640 1640 1641 1642 1640 1637 1636 1637 1638 1637 1636 1636 1634 1633 1632 1631 1630 1632 1636 1637 1634 1632 1632 1633 1633 1633 1633 1633 1633 1633 1634 1636 1635 1634 1634 1631 1630 1630 1633 1635 1634 1632 1630 1628 1626 1625 1624 1627 1627 1627 1627 1627 1627 1625 1623 1624
1654 1653 1654 1654 1656 1656 1655 1652 1650 1649 1648 1647 1647 1648 1649 1650 1649 1647 1645 1644 1642 1641 1639 1638 1636 1636 1638 1640 1641 1642 1642 1642 1641 1638 1637 1637 1638 1637 1638 1637 1636 1635 1634 1632 1632 1633 1635 1636 1635 1634 1633 1634 1634 1632 1631 1632 1631 1631 1631 1633 1632 1632 1631 1630 1629 1629 1633 1634 1635 1634 1632 1626 1624 1623 1624 1627 1627 1627 1626 1627 1626 1625 1625 1626
1653 1654 1655 1656 1657 1655 1653 1650 1649 1649 1648 1646 1646 1646 1649 1651 1651 1648 1646 1642 1640 1638 1636 1635 1636 1638 1641 1642 1642 1642 1641 1640 1640 1641 1639 1638 1636 1637 1638 1638 1636 1636 1634 1633 1632 1633 1633 1634 1635 1637 1636 1637 1636 1633 1629 1628 1629 1628 1629 1630 1631 1629 1629 1629 1628 1627 1626 1629 1631 1633 1631 1627 1623 1622 1624 1626 1627 1626 1626 1626 1626 1625 1624 1625
1653 1656 1657 1656 1654 1652 1649 1646 1645 1646 1647 1648 1647 1646 1646 1648 1649 1649 1646 1642 1639 1636 1635 1636 1638 1641 1643 1644 1643 1642 1639 1639 1639 1641 1641 1638 1636 1635 1635 1635 1633 1632 1631 1630 1631 1631 1631 1631 1632 1635 1637 1637 1636 1633 1628 1626 1626 1627 1629 1633 1631 1629 1627 1626 1626 1624 1624 1625 1627 1629 1629 1626 1624 1622 1621 1623 1623 1624 1624 1625 1626 1625 1623 1624
1655 1658 1658 1654 1651 1648 1648 1645 1645 1645 1646 1647 1648 1646 1644 1643 1646 1648 1649 1647 1643 1639 1636 1637 1640 1643 1644 1642 1641 1640 1640 1639 1641 1640 1639 1638 1637 1639 1633 1631 1630 1630 1628 1628 1628 1630 1629 1628 1628 1632 1634 1635 1634 1633 1628 1625 1624 1626 1631 1633 1632 1627 1625 1626 1626 1626 1626 1625 1625 1626 1626 1625 1621 1617 1617 1619 1621 1622 1624 1624 1624 1623 1623 1624
1655 1657 1657 1654 1650 1649 1649 1648 1647 1646 1645 1646 1647 1646 1645 1645 1645 1648 1649 1649 1648 1644 1641 1641 1642 1644 1643 1640 1639 1639 1640 1642 1642 1641 1639 1639 1643 1644 1638 1631 1629 1629 1629 1628 1628 1630 1630 1629 1630 1631 1633 1633 1633 1632 1629 1626 1625 1627 1632 1632 1629 1627 1626 1627 1628 1628 1627 1626 1625 1624 1623 1622 1620 1618 1617 1619 1620 1622 1623 1623 1622 1623 1625 1628
1654 1656 1656 1653 1651 1650 1650 1650 1650 1649 1647 1646 1647 1647 1647 1646 1646 1645 1646 1648 1649 1648 1645 1643 1643 1643 1643 1641 1639 1638 1639 1641 1643 1642 1643 1645 1646 1644 1638 1634 1631 1632 1631 1630 1629 1631 1632 1632 1632 1634 1635 1634 1632 1631 1629 1627 1625 1627 1629 1631 1630 1629 1628 1628 1628 1626 1625 1626 1626 1624 1623 1623 1622 1621 1620 1620 1620 1621 1622 1622 1622 1624 1627 1628
1653 1654 1654 1653 1652 1651 1650 1651 1653 1653 1651 1649 1648 1647 1646 1646 1645 1645 1645 1646 1648 1647 1645 1641 1639 1641 1642 1642 1641 1638 1636 1638 1641 1644 1646 1647 1646 1642 1636 1634 1634 1634 1633 1631 1630 1632 1632 1633 1633 1634 1635 1633 1631 1630 1629 1626 1625 1625 1627 1629 1630 1630 1630 1629 1627 1624 1622 1623 1624 1623 1624 1624 1625 1623 1622 1621 1621 1622 1623 1622 1623 1625 1627 1628
1652 1652 1653 1653 1652 1651 1649 1649 1652 1654 1653 1650 1648 1647 1646 1646 1646 1645 1644 1644 1642 1642 1640 1640 1640 1642 1642 1643 1642 1639 1636 1636 1640 1643 1644 1642 1640 1636 1633 1634 1634 1633 1632 1630 1630 1630 1631 1631 1632 1633 1633 1632 1631 1631 1630 1629 1627 1626 1626 1627 1628 1630 1630 1630 1627 1624 1622 1622 1623 1623 1624 1625 1625 1624 1622 1622 1622 1623 1623 1623 1623 1626 1628 1626
1654 1654 1654 1654 1654 1651 1648 1647 1650 1652 1652 1649 1647 1646 1645 1645 1644 1643 1643 1642 1640 1637 1639 1640 1643 1644 1645 1643 1643 1640 1637 1635 1637 1640 1639 1637 1633 1631 1632 1633 1634 1633 1631 1630 1628 1628 1628 1629 1630 1632 1633 1632 1631 1631 1631 1631 1629 1627 1626 1625 1626 1627 1628 1627 1625 1623 1623 1623 1624 1625 1625 1625 1624 1623 1621 1621 1622 1622 1622 1622 1622 1622 1621 1622
1658 1657 1656 1655 1655 1653 1648 1646 1648 1649 1649 1647 1646 1644 1644 1643 1642 1641 1643 1643 1642 1639 1639 1640 1641 1642 1644 1644 1643 1642 1638 1635 1634 1637 1638 1637 1634 1633 1634 1636 1634 1632 1631 1631 1630 1628 1627 1629 1631 1633 1633 1632 1631 1631 1632 1631 1628 1627 1625 1624 1623 1624 1624 1623 1622 1623 1623 1624 1625 1625 1625 1625 1624 1622 1620 1618 1619 1620 1622 1621 1621 1619 1616 1614
1660 1658 1657 1656 1655 1649 1646 1646 1649 1649 1648 1647 1645 1644 1644 1643 1641 1641 1643 1645 1644 1641 1640 1639 1639 1640 1641 1642 1642 1641 1638 1634 1633 1634 1638 1640 1639 1637 1636 1635 1634 1631 1631 1631 1632 1629 1627 1629 1632 1634 1635 1634 1631 1631 1632 1630 1629 1628 1628 1625 1625 1623 1623 1622 1622 1623 1625 1624 1624 1624 1624 1624 1622 1620 1616 1615 1615 1619 1620 1620 1620 1619 1617 1617
1657 1658 1657 1653 1648 1645 1643 1646 1648 1650 1650 1649 1648 1646 1646 1645 1642 1642 1644 1645 1645 1642 1639 1638 1639 1641 1642 1642 1642 1642 1638 1635 1633 1634 1637 1640 1640 1635 1633 1635 1634 1633 1631 1631 1631 1629 1628 1628 1631 1634 1637 1635 1630 1630 1633 1632 1632 1631 1630 1629 1628 1627 1624 1623 1622 1623 1623 1624 1623 1622 1623 1623 1624 1623 1621 1617 1617 1618 1620 1620 1621 1621 1622 1622
1657 1655 1649 1646 1645 1643 1643 1645 1647 1648 1649 1649 1649 1647 1647 1646 1643 1642 1642 1643 1642 1641 1639 1638 1640 1642 1642 1643 1643 1642 1641 1636 1633 1633 1635 1637 1637 1634 1632 1635 1635 1634 1633 1630 1629 1629 1629 1630 1631 1631 1635 1633 1629 1628 1631 1633 1633 1632 1631 1630 1631 1631 1629 1626 1624 1620 1620 1620 1622 1623 1623 1624 1625 1627 1625 1622 1620 1620 1620 1620 1621 1623 1623 1624
1657 1652 1645 1643 1645 1644 1645 1646 1646 1646 1646 1648 1647 1646 1646 1645 1642 1640 1638 1639 1640 1641 1641 1639 1640 1641 1641 1641 1640 1640 1637 1635 1632 1632 1633 1635 1636 1635 1636 1636 1634 1633 1632 1631 1629 1629 1628 1629 1628 1628 1629 1630 1627 1627 1630 1632 1634 1632 1631 1629 1629 1628 1627 1625 1622 1620 1621 1623 1624 1624 1624 1624 1624 1626 1626 1624 1623 1622 1622 1620 1619 1620 1622 1623
