notebooks/landlab-terrainbento/coupled_process_elements/DEMData/SRTMGL3_37.738884_-120.168457_38.091337_-119.465576.tif
ncols        843
nrows        423
xllcorner    -120.168750000014
yllcorner    37.739583333338
cellsize     0.000833333333
NODATA_value 0
[rows 304 to 341 of 423, columns 672 to 755 of 843]
2398 2388 2382 2366 2354 2342 2333 2333 2329 2323 2319 2315 2315 2315 2324 2335 2344 2363 2377 2377 2363 2355 2350 2346 2334 2304 2274 2241 2234 2236 2252 2270 2276 2284 2303 2321 2339 2370 2390 2403 2419 2442 2476 2505 2531 2546 2558 2566 2567 2572 2586 2596 2605 2623 2640 2646 2649 2653 2652 2651 2648 2651 2663 2677 2697 2723 2732 2739 2749 2765 2798 2839 2864 2887 2883 2874 2883 2892 2905 2928 2952 2954 2939 2935
2400 2388 2384 2374 2355 2341 2337 2328 2322 2317 2313 2311 2312 2315 2320 2331 2342 2356 2366 2362 2345 2332 2324 2319 2312 2291 2255 2229 2234 2249 2263 2270 2281 2300 2325 2342 2357 2380 2406 2425 2440 2452 2473 2499 2523 2543 2558 2571 2571 2584 2600 2608 2618 2630 2645 2645 2641 2638 2638 2639 2638 2645 2658 2672 2688 2719 2741 2747 2750 2769 2805 2834 2849 2876 2908 2922 2930 2954 2974 3003 3019 3013 2989 2974
2400 2390 2377 2366 2353 2345 2337 2328 2320 2311 2306 2304 2312 2314 2320 2337 2339 2341 2352 2348 2335 2317 2298 2285 2270 2257 2235 2231 2238 2254 2264 2264 2276 2308 2335 2348 2371 2403 2421 2436 2448 2459 2481 2500 2515 2534 2552 2575 2589 2605 2616 2623 2632 2635 2640 2637 2628 2627 2626 2622 2629 2640 2661 2681 2696 2715 2730 2742 2752 2768 2787 2813 2835 2866 2902 2931 2959 2978 2995 3007 3017 3032 3042 3033
2399 2386 2373 2361 2351 2341 2328 2321 2314 2306 2300 2303 2307 2307 2315 2326 2333 2341 2344 2344 2330 2297 2275 2260 2248 2231 2226 2234 2252 2261 2263 2262 2280 2310 2330 2350 2380 2407 2426 2441 2458 2464 2477 2490 2508 2530 2552 2579 2601 2614 2628 2630 2633 2630 2625 2620 2616 2621 2623 2618 2627 2644 2668 2698 2712 2720 2732 2742 2746 2750 2763 2792 2821 2850 2887 2927 2951 2968 2983 3000 3015 3034 3049 3045
2403 2385 2372 2360 2345 2334 2322 2315 2311 2304 2295 2292 2293 2307 2315 2314 2321 2329 2336 2340 2327 2287 2254 2240 2227 2222 2226 2237 2247 2249 2255 2264 2282 2306 2329 2348 2374 2405 2433 2447 2461 2470 2485 2497 2515 2535 2553 2573 2598 2621 2628 2626 2626 2624 2621 2616 2607 2604 2613 2620 2636 2654 2690 2712 2720 2722 2730 2739 2743 2739 2747 2771 2809 2844 2878 2908 2936 2952 2967 2991 3013 3033 3046 3031
2396 2383 2369 2353 2335 2323 2314 2308 2302 2295 2291 2287 2290 2297 2303 2309 2314 2316 2322 2321 2302 2271 2247 2231 2222 2223 2227 2231 2237 2245 2256 2270 2286 2309 2328 2350 2373 2408 2439 2458 2471 2482 2492 2506 2518 2530 2544 2565 2596 2616 2614 2614 2613 2616 2617 2611 2596 2595 2607 2617 2644 2672 2698 2708 2711 2717 2725 2735 2739 2744 2752 2767 2802 2842 2865 2887 2915 2932 2955 2983 3004 3028 3036 3018
2398 2388 2370 2348 2333 2315 2305 2293 2289 2284 2278 2281 2288 2289 2286 2297 2304 2307 2306 2299 2277 2255 2238 2223 2223 2228 2231 2232 2234 2247 2266 2276 2302 2323 2339 2366 2391 2427 2458 2475 2483 2494 2505 2516 2525 2533 2542 2562 2589 2602 2600 2600 2599 2599 2601 2600 2594 2596 2601 2622 2646 2678 2694 2695 2700 2714 2729 2736 2741 2750 2760 2775 2796 2830 2849 2867 2892 2913 2934 2969 2993 3008 3024 3014
2404 2389 2368 2347 2327 2311 2300 2286 2277 2270 2270 2270 2276 2278 2274 2279 2286 2286 2283 2274 2258 2236 2220 2220 2226 2229 2234 2234 2242 2261 2277 2292 2313 2334 2364 2389 2416 2443 2466 2485 2497 2505 2513 2521 2530 2541 2556 2577 2592 2594 2595 2600 2598 2597 2599 2597 2593 2595 2604 2626 2646 2673 2681 2684 2690 2707 2731 2745 2757 2764 2772 2779 2795 2821 2839 2854 2886 2904 2923 2957 2977 2994 3007 3005
2402 2379 2364 2345 2325 2305 2299 2285 2275 2269 2262 2260 2261 2262 2256 2260 2265 2258 2263 2252 2238 2221 2215 2221 2229 2230 2237 2241 2255 2275 2284 2308 2331 2362 2394 2420 2441 2467 2489 2506 2515 2522 2528 2539 2542 2551 2561 2575 2586 2587 2584 2589 2597 2598 2598 2595 2586 2595 2610 2630 2643 2657 2665 2681 2694 2716 2741 2763 2775 2776 2778 2784 2793 2816 2838 2854 2887 2906 2939 2959 2978 2993 2999 2995
2395 2378 2361 2343 2324 2303 2292 2277 2267 2261 2258 2253 2247 2246 2242 2244 2251 2250 2246 2235 2221 2211 2216 2220 2226 2229 2238 2251 2266 2285 2304 2330 2352 2376 2406 2435 2465 2493 2513 2526 2533 2537 2543 2546 2549 2558 2574 2590 2594 2589 2586 2586 2591 2592 2591 2587 2587 2598 2615 2630 2642 2662 2669 2674 2698 2729 2756 2782 2791 2788 2784 2793 2800 2813 2837 2855 2879 2901 2949 2983 2991 2991 2985 2990
2397 2379 2361 2345 2326 2309 2288 2269 2261 2262 2251 2244 2242 2240 2235 2238 2241 2239 2229 2219 2215 2218 2226 2221 2224 2231 2245 2255 2273 2302 2328 2348 2370 2396 2432 2459 2483 2515 2531 2536 2540 2543 2549 2558 2571 2585 2592 2588 2584 2581 2582 2583 2585 2585 2584 2586 2590 2604 2620 2628 2635 2643 2659 2670 2694 2731 2763 2785 2797 2794 2796 2807 2813 2826 2842 2864 2886 2929 2971 2997 2993 2994 2993 2984
2395 2378 2358 2341 2327 2311 2290 2268 2258 2246 2236 2234 2229 2229 2231 2230 2231 2221 2212 2211 2214 2222 2225 2224 2230 2243 2255 2260 2285 2315 2346 2364 2394 2428 2458 2483 2508 2520 2534 2542 2547 2555 2562 2577 2594 2599 2595 2583 2573 2568 2570 2570 2567 2571 2576 2587 2598 2611 2622 2624 2629 2636 2657 2670 2689 2721 2753 2781 2792 2802 2817 2827 2840 2852 2863 2884 2910 2941 2975 2987 2989 2997 2990 2953
2396 2384 2366 2346 2330 2311 2293 2271 2248 2231 2227 2225 2219 2217 2219 2220 2218 2213 2212 2212 2220 2222 2224 2231 2238 2245 2259 2274 2300 2333 2361 2382 2412 2453 2477 2500 2516 2530 2541 2547 2551 2555 2566 2583 2600 2599 2588 2574 2563 2558 2559 2557 2552 2558 2569 2589 2603 2611 2611 2614 2624 2632 2649 2663 2682 2711 2747 2776 2786 2799 2816 2831 2852 2873 2886 2896 2914 2937 2962 2982 2995 2997 2972 2930
2384 2380 2370 2358 2334 2312 2293 2273 2251 2233 2225 2219 2217 2215 2216 2216 2210 2209 2209 2213 2224 2227 2230 2238 2242 2255 2273 2292 2320 2345 2370 2392 2427 2460 2486 2504 2518 2531 2541 2543 2548 2552 2560 2574 2590 2585 2571 2561 2550 2550 2551 2546 2549 2550 2562 2587 2605 2609 2608 2607 2610 2617 2629 2654 2678 2699 2722 2746 2763 2780 2808 2833 2856 2869 2880 2896 2912 2930 2954 2978 2987 2986 2957 2911
2372 2370 2369 2360 2345 2326 2300 2275 2252 2235 2224 2217 2217 2216 2213 2206 2203 2208 2211 2218 2231 2237 2243 2250 2259 2276 2291 2317 2345 2365 2386 2403 2426 2451 2477 2496 2508 2522 2535 2541 2540 2544 2549 2553 2561 2556 2548 2542 2538 2537 2536 2535 2538 2540 2553 2575 2594 2600 2605 2604 2603 2612 2618 2641 2668 2685 2704 2707 2729 2754 2792 2828 2844 2860 2874 2893 2911 2929 2949 2972 2982 2984 2952 2904
2359 2367 2368 2362 2343 2324 2301 2273 2254 2239 2232 2226 2221 2218 2212 2207 2207 2210 2220 2235 2245 2254 2263 2266 2278 2301 2329 2352 2370 2387 2403 2424 2435 2446 2465 2485 2500 2516 2528 2534 2536 2541 2540 2538 2539 2538 2533 2533 2533 2531 2533 2531 2530 2529 2540 2563 2580 2594 2602 2603 2608 2609 2616 2626 2648 2668 2680 2687 2716 2741 2770 2809 2833 2848 2870 2893 2908 2918 2935 2955 2970 2970 2945 2898
2351 2355 2357 2355 2343 2323 2298 2271 2246 2229 2224 2220 2219 2217 2208 2204 2202 2220 2240 2265 2269 2277 2283 2289 2305 2331 2352 2371 2385 2404 2420 2433 2443 2456 2471 2493 2505 2512 2521 2526 2530 2533 2536 2539 2539 2537 2535 2530 2523 2524 2533 2525 2524 2527 2533 2552 2566 2577 2590 2598 2600 2605 2613 2617 2625 2641 2662 2675 2694 2724 2756 2792 2815 2833 2857 2883 2892 2902 2914 2926 2940 2945 2939 2908
2347 2343 2343 2346 2340 2321 2297 2273 2248 2234 2223 2219 2214 2211 2208 2205 2218 2235 2263 2284 2295 2299 2308 2314 2331 2348 2370 2384 2395 2411 2422 2436 2446 2454 2471 2488 2502 2512 2518 2525 2525 2527 2531 2537 2541 2545 2545 2532 2524 2524 2522 2520 2520 2525 2531 2549 2559 2572 2587 2595 2596 2602 2612 2620 2621 2635 2648 2661 2683 2714 2742 2773 2797 2820 2838 2857 2872 2885 2891 2898 2912 2921 2915 2895
2348 2335 2331 2327 2320 2318 2301 2277 2254 2232 2216 2213 2211 2210 2203 2209 2227 2248 2273 2293 2305 2317 2323 2335 2353 2368 2375 2385 2404 2419 2426 2435 2449 2458 2479 2495 2501 2510 2520 2524 2526 2527 2529 2539 2540 2540 2542 2534 2525 2519 2517 2512 2515 2521 2533 2549 2560 2568 2579 2586 2589 2594 2601 2614 2617 2627 2635 2657 2674 2704 2726 2751 2767 2786 2810 2840 2857 2868 2868 2878 2887 2889 2883 2873
2342 2328 2313 2304 2299 2305 2301 2279 2255 2230 2213 2212 2212 2203 2201 2219 2241 2267 2290 2306 2318 2320 2331 2349 2357 2368 2375 2384 2400 2415 2430 2441 2447 2466 2489 2498 2502 2508 2517 2523 2531 2533 2539 2549 2547 2544 2537 2534 2526 2522 2514 2511 2511 2517 2533 2549 2558 2563 2567 2577 2589 2593 2599 2609 2616 2622 2630 2646 2670 2697 2714 2726 2737 2753 2777 2817 2841 2852 2855 2862 2864 2860 2849 2840
2336 2319 2302 2290 2284 2281 2286 2278 2247 2224 2212 2212 2211 2199 2205 2235 2261 2287 2310 2325 2329 2331 2340 2348 2357 2362 2372 2383 2399 2423 2433 2442 2449 2466 2478 2486 2498 2506 2515 2521 2532 2539 2545 2549 2550 2544 2536 2531 2523 2514 2507 2512 2514 2520 2533 2553 2558 2564 2569 2575 2585 2589 2597 2605 2614 2616 2620 2639 2663 2682 2696 2708 2720 2733 2762 2798 2830 2840 2842 2840 2834 2827 2818 2808
2332 2320 2301 2277 2260 2253 2265 2263 2236 2220 2209 2209 2202 2200 2217 2253 2276 2301 2322 2332 2334 2339 2342 2356 2364 2367 2376 2390 2411 2429 2442 2449 2455 2461 2468 2478 2499 2508 2515 2525 2531 2542 2546 2550 2549 2542 2528 2520 2512 2506 2506 2511 2521 2531 2544 2553 2565 2571 2575 2581 2585 2591 2599 2604 2608 2611 2614 2627 2648 2666 2671 2682 2695 2718 2750 2791 2824 2843 2842 2830 2817 2810 2797 2786
2324 2309 2295 2276 2252 2234 2233 2225 2216 2213 2205 2200 2196 2209 2235 2260 2280 2301 2320 2328 2330 2340 2348 2358 2365 2370 2386 2403 2423 2435 2443 2453 2454 2462 2466 2479 2496 2509 2518 2523 2531 2540 2542 2545 2541 2531 2521 2508 2506 2503 2512 2521 2531 2536 2547 2557 2562 2568 2575 2577 2580 2583 2591 2597 2602 2604 2608 2627 2642 2655 2667 2673 2691 2720 2752 2792 2831 2847 2847 2837 2821 2807 2799 2785
2319 2305 2288 2275 2253 2233 2222 2210 2208 2205 2201 2193 2199 2222 2244 2262 2279 2298 2321 2323 2331 2346 2358 2368 2376 2385 2395 2406 2427 2442 2452 2458 2456 2468 2477 2486 2497 2512 2521 2526 2534 2540 2541 2537 2540 2530 2514 2505 2502 2506 2518 2526 2539 2543 2552 2556 2556 2564 2571 2573 2574 2575 2578 2586 2596 2598 2606 2625 2646 2667 2684 2698 2721 2746 2770 2802 2828 2837 2838 2838 2833 2825 2812 2795
2305 2296 2279 2265 2249 2228 2211 2202 2200 2191 2187 2189 2211 2230 2248 2261 2273 2295 2309 2317 2332 2350 2361 2373 2382 2400 2407 2416 2435 2445 2452 2463 2470 2476 2489 2498 2504 2514 2529 2537 2547 2553 2547 2542 2531 2520 2510 2502 2502 2510 2517 2526 2534 2538 2543 2552 2560 2565 2568 2564 2559 2566 2572 2584 2591 2595 2602 2620 2644 2668 2699 2718 2742 2771 2793 2816 2820 2817 2821 2825 2833 2834 2817 2791
2296 2290 2276 2256 2237 2222 2206 2199 2194 2186 2189 2203 2219 2236 2250 2259 2272 2290 2295 2310 2328 2341 2353 2366 2375 2388 2400 2412 2429 2447 2462 2472 2477 2484 2491 2503 2519 2535 2549 2561 2561 2550 2535 2529 2520 2510 2501 2499 2502 2505 2513 2519 2529 2536 2539 2548 2556 2554 2558 2556 2557 2563 2570 2575 2580 2588 2596 2616 2638 2664 2693 2720 2748 2776 2794 2804 2800 2795 2797 2807 2824 2824 2812 2789
2291 2286 2271 2252 2233 2216 2207 2196 2187 2184 2193 2205 2223 2242 2252 2263 2273 2287 2287 2297 2316 2331 2346 2359 2369 2384 2396 2409 2426 2449 2462 2468 2482 2498 2512 2528 2546 2553 2557 2556 2545 2531 2523 2511 2509 2503 2498 2496 2501 2504 2506 2515 2525 2534 2545 2554 2555 2551 2553 2557 2560 2564 2567 2567 2574 2583 2589 2603 2628 2658 2684 2707 2733 2759 2773 2780 2775 2770 2771 2786 2805 2816 2814 2794
2280 2274 2267 2251 2227 2211 2202 2190 2179 2186 2203 2217 2239 2259 2266 2268 2274 2277 2284 2295 2309 2325 2345 2363 2375 2385 2399 2415 2434 2448 2457 2466 2488 2508 2523 2545 2559 2561 2556 2546 2538 2530 2522 2505 2505 2500 2495 2493 2494 2498 2508 2514 2524 2538 2548 2550 2548 2547 2548 2548 2549 2563 2566 2559 2566 2576 2583 2598 2618 2643 2666 2687 2714 2739 2748 2750 2748 2748 2756 2777 2797 2809 2811 2804
2278 2265 2252 2237 2223 2208 2197 2183 2180 2195 2209 2230 2251 2274 2282 2273 2267 2268 2272 2284 2306 2334 2345 2360 2367 2379 2396 2408 2425 2434 2442 2460 2486 2501 2521 2544 2550 2545 2543 2540 2538 2534 2521 2507 2500 2495 2493 2490 2491 2499 2506 2513 2524 2535 2545 2546 2544 2545 2542 2545 2555 2559 2556 2555 2568 2580 2584 2593 2611 2628 2651 2674 2697 2714 2719 2723 2723 2730 2748 2776 2796 2811 2812 2807
2272 2259 2242 2226 2209 2201 2189 2179 2190 2211 2230 2250 2262 2280 2285 2268 2264 2262 2270 2287 2308 2321 2343 2355 2362 2375 2387 2398 2409 2423 2430 2447 2469 2489 2514 2537 2538 2540 2543 2546 2544 2535 2522 2512 2506 2497 2494 2487 2492 2499 2503 2514 2526 2533 2542 2541 2540 2539 2538 2550 2554 2556 2560 2565 2572 2585 2588 2590 2605 2617 2640 2662 2683 2694 2699 2698 2704 2721 2739 2765 2792 2796 2785 2773
2262 2250 2235 2216 2196 2184 2178 2182 2213 2233 2249 2262 2274 2289 2279 2262 2258 2261 2269 2290 2311 2324 2338 2347 2360 2368 2372 2386 2401 2412 2421 2436 2462 2485 2503 2518 2530 2544 2552 2553 2546 2536 2529 2523 2514 2505 2496 2490 2494 2499 2505 2512 2520 2525 2529 2530 2531 2541 2545 2546 2547 2551 2563 2576 2576 2575 2578 2584 2590 2604 2620 2642 2659 2672 2674 2674 2681 2700 2722 2745 2761 2752 2735 2720
2252 2241 2227 2211 2191 2171 2177 2202 2229 2246 2256 2261 2266 2268 2261 2252 2254 2258 2268 2286 2301 2317 2334 2346 2358 2359 2368 2382 2399 2412 2425 2434 2461 2484 2500 2520 2533 2550 2557 2553 2542 2532 2532 2530 2516 2503 2495 2489 2490 2493 2503 2507 2510 2510 2514 2518 2525 2537 2548 2547 2546 2554 2557 2564 2570 2569 2567 2570 2578 2587 2601 2621 2641 2651 2649 2649 2660 2679 2697 2714 2715 2697 2681 2671
2231 2228 2217 2204 2182 2172 2197 2217 2243 2256 2255 2252 2248 2247 2247 2245 2249 2257 2273 2285 2297 2312 2333 2345 2352 2361 2369 2380 2391 2400 2416 2430 2447 2469 2490 2517 2536 2560 2574 2562 2548 2533 2530 2521 2508 2501 2493 2488 2487 2493 2499 2499 2502 2507 2513 2517 2524 2533 2542 2539 2545 2548 2546 2551 2563 2561 2557 2562 2565 2578 2589 2603 2618 2620 2618 2625 2634 2653 2666 2673 2664 2650 2640 2635
2212 2214 2202 2183 2166 2176 2207 2233 2256 2257 2245 2242 2237 2237 2239 2240 2246 2259 2271 2283 2297 2309 2329 2337 2349 2359 2375 2382 2386 2397 2409 2423 2441 2464 2483 2514 2538 2567 2583 2570 2556 2544 2534 2524 2516 2501 2491 2486 2486 2490 2495 2495 2496 2498 2502 2508 2516 2521 2523 2526 2533 2532 2534 2543 2551 2554 2558 2563 2563 2568 2572 2582 2587 2584 2588 2596 2617 2627 2634 2633 2612 2599 2596 2594
2192 2192 2181 2165 2170 2185 2212 2244 2253 2241 2231 2233 2233 2238 2239 2241 2250 2256 2269 2281 2296 2315 2329 2336 2348 2362 2369 2372 2381 2395 2405 2414 2438 2462 2481 2508 2524 2548 2566 2563 2556 2554 2548 2532 2522 2508 2497 2486 2487 2485 2485 2489 2493 2495 2497 2500 2500 2508 2515 2520 2525 2531 2532 2541 2548 2552 2558 2559 2552 2548 2549 2551 2551 2554 2560 2571 2585 2592 2595 2585 2569 2561 2561 2560
2194 2182 2166 2163 2176 2188 2211 2233 2233 2227 2226 2228 2230 2233 2245 2249 2255 2265 2279 2289 2303 2323 2333 2344 2354 2362 2372 2379 2385 2397 2407 2423 2444 2466 2484 2497 2511 2524 2551 2557 2553 2549 2540 2531 2519 2508 2499 2492 2484 2479 2480 2481 2486 2489 2495 2494 2495 2497 2505 2511 2516 2524 2526 2529 2538 2542 2546 2549 2545 2538 2537 2533 2536 2537 2538 2554 2563 2560 2557 2550 2541 2538 2529 2531
2194 2179 2157 2165 2178 2188 2200 2212 2215 2218 2226 2227 2232 2239 2244 2251 2267 2281 2291 2303 2315 2332 2340 2350 2362 2370 2384 2392 2398 2403 2419 2438 2451 2466 2482 2495 2517 2534 2548 2559 2559 2553 2541 2531 2520 2516 2506 2496 2484 2480 2478 2477 2483 2484 2489 2492 2492 2497 2503 2507 2508 2509 2517 2521 2525 2526 2532 2537 2537 2531 2524 2513 2516 2518 2522 2532 2539 2533 2525 2522 2517 2509 2502 2499
2178 2162 2152 2161 2169 2185 2199 2212 2216 2218 2227 2235 2237 2247 2254 2266 2281 2293 2303 2315 2327 2341 2351 2357 2373 2384 2390 2400 2411 2418 2428 2444 2459 2475 2481 2499 2520 2540 2558 2562 2562 2561 2549 2534 2528 2520 2510 2503 2494 2487 2478 2477 2477 2481 2486 2489 2490 2488 2493 2498 2501 2504 2507 2509 2509 2510 2511 2514 2516 2508 2502 2497 2498 2501 2506 2512 2514 2501 2500 2500 2492 2488 2486 2482
