notebooks/landlab-terrainbento/coupled_process_elements/DEMData/SRTMGL1_40.015_-105.33_40.065_-105.28.tif
ncols        180
nrows        180
xllcorner    -105.330138888879
yllcorner    40.015138888886
cellsize     0.000277777778
NODATA_value -32768
[rows 0 to 37 of 180, columns 0 to 83 of 180]
2051 2055 2060 2064 2067 2064 2059 2054 2047 2040 2033 2030 2026 2019 2010 2002 1996 1990 1977 1964 1954 1945 1938 1931 1921 1910 1905 1905 1907 1910 1912 1913 1912 1915 1924 1934 1945 1957 1976 1986 1995 2003 2005 2004 1999 1986 1965 1950 1946 1931 1917 1910 1899 1881 1869 1866 1869 1871 1871 1871 1871 1870 1866 1862 1858 1855 1855 1858 1860 1859 1855 1849 1842 1833 1822 1811 1803 1797 1791 1789 1790 1796 1803 1806
2039 2041 2045 2055 2063 2061 2058 2052 2044 2034 2029 2024 2017 2011 2006 2000 1992 1981 1973 1964 1956 1947 1941 1934 1925 1914 1910 1906 1902 1899 1899 1897 1901 1908 1914 1923 1932 1943 1959 1975 1984 1991 1994 1993 1987 1975 1956 1945 1934 1914 1902 1896 1886 1871 1860 1858 1859 1861 1861 1862 1863 1862 1858 1856 1854 1850 1847 1847 1850 1845 1839 1836 1832 1823 1814 1808 1802 1796 1792 1788 1788 1791 1793 1795
2034 2035 2039 2045 2052 2056 2056 2052 2043 2031 2025 2019 2010 2004 1998 1994 1985 1977 1971 1963 1956 1950 1943 1934 1925 1920 1914 1907 1899 1894 1891 1891 1893 1897 1904 1912 1921 1927 1943 1960 1973 1979 1982 1982 1974 1964 1951 1940 1927 1909 1897 1889 1878 1864 1858 1851 1850 1850 1850 1851 1852 1853 1852 1848 1846 1840 1835 1832 1828 1827 1828 1825 1819 1811 1805 1801 1797 1796 1795 1792 1790 1793 1794 1793
2023 2025 2031 2042 2049 2054 2054 2052 2042 2034 2030 2020 2010 2000 1994 1987 1977 1968 1960 1957 1955 1948 1940 1930 1924 1919 1915 1909 1901 1896 1892 1885 1882 1886 1892 1902 1911 1918 1930 1950 1963 1970 1973 1969 1964 1958 1946 1934 1926 1915 1899 1884 1873 1865 1857 1851 1844 1841 1839 1838 1842 1844 1841 1838 1837 1831 1822 1816 1814 1815 1816 1815 1810 1804 1800 1799 1800 1802 1805 1806 1804 1804 1803 1800
2018 2021 2028 2036 2045 2047 2051 2050 2046 2041 2033 2023 2010 2002 1993 1982 1971 1961 1957 1953 1949 1947 1940 1930 1924 1920 1920 1918 1910 1901 1893 1882 1876 1881 1887 1894 1902 1911 1924 1940 1953 1958 1961 1958 1957 1952 1940 1925 1918 1908 1894 1881 1873 1866 1858 1850 1842 1835 1832 1833 1835 1834 1828 1828 1827 1821 1813 1806 1806 1805 1807 1805 1803 1801 1803 1805 1808 1813 1819 1824 1822 1822 1820 1816
2015 2019 2025 2031 2034 2041 2048 2049 2049 2045 2035 2024 2014 2005 1993 1982 1971 1965 1958 1950 1947 1947 1941 1932 1928 1924 1924 1922 1913 1904 1895 1882 1875 1877 1882 1886 1893 1901 1913 1924 1939 1945 1946 1947 1947 1945 1932 1921 1910 1902 1890 1881 1877 1869 1862 1853 1844 1834 1828 1828 1828 1825 1822 1818 1817 1814 1808 1806 1803 1806 1807 1807 1807 1809 1813 1817 1817 1821 1828 1835 1838 1837 1840 1842
2010 2014 2020 2026 2032 2038 2044 2045 2045 2043 2035 2024 2014 2003 1995 1987 1978 1974 1969 1960 1956 1956 1951 1945 1937 1932 1923 1918 1911 1905 1898 1885 1876 1874 1876 1879 1885 1893 1901 1910 1924 1930 1934 1934 1933 1930 1923 1913 1905 1900 1890 1878 1872 1867 1859 1849 1839 1832 1826 1823 1821 1818 1816 1813 1810 1810 1810 1810 1811 1815 1817 1820 1824 1824 1823 1822 1825 1828 1836 1843 1847 1851 1857 1863
2007 2010 2015 2021 2027 2031 2034 2036 2036 2038 2034 2026 2015 2005 1997 1993 1989 1984 1981 1974 1968 1964 1963 1958 1951 1937 1928 1919 1910 1904 1900 1890 1880 1875 1868 1870 1875 1882 1889 1901 1912 1919 1921 1923 1921 1916 1910 1900 1896 1895 1887 1871 1865 1859 1852 1843 1835 1828 1821 1816 1815 1814 1813 1812 1812 1813 1816 1820 1828 1831 1834 1836 1838 1836 1831 1827 1829 1836 1844 1854 1865 1874 1885 1889
2006 2006 2009 2015 2019 2024 2026 2028 2032 2035 2034 2029 2019 2011 2006 1998 1993 1987 1983 1979 1972 1967 1960 1957 1948 1935 1924 1918 1910 1904 1900 1890 1882 1875 1867 1862 1863 1870 1877 1889 1905 1908 1908 1908 1907 1906 1901 1894 1888 1886 1884 1872 1862 1856 1849 1839 1828 1822 1814 1809 1809 1810 1812 1812 1816 1821 1830 1837 1845 1853 1854 1855 1852 1848 1840 1835 1836 1843 1854 1866 1880 1894 1903 1909
2003 2002 2005 2010 2017 2022 2027 2031 2035 2036 2036 2032 2024 2015 2008 2001 1992 1985 1981 1980 1975 1963 1954 1947 1940 1930 1922 1917 1911 1907 1900 1889 1881 1876 1868 1861 1858 1862 1867 1878 1889 1894 1892 1891 1893 1894 1891 1887 1881 1877 1874 1870 1860 1853 1845 1831 1821 1816 1809 1807 1808 1810 1817 1824 1828 1838 1845 1852 1857 1865 1868 1863 1859 1851 1844 1841 1842 1849 1859 1872 1890 1903 1910 1915
1999 2000 2003 2010 2016 2023 2029 2034 2037 2036 2036 2034 2027 2018 2007 2000 1993 1985 1980 1977 1968 1956 1945 1941 1938 1934 1926 1919 1917 1911 1905 1895 1886 1878 1870 1862 1857 1856 1860 1864 1873 1879 1880 1880 1879 1880 1882 1880 1875 1871 1871 1866 1857 1846 1835 1823 1816 1814 1813 1814 1818 1824 1836 1840 1850 1854 1861 1863 1867 1873 1881 1878 1868 1858 1848 1847 1851 1859 1870 1884 1899 1907 1911 1917
1992 1995 2000 2005 2012 2020 2028 2032 2036 2037 2037 2038 2030 2019 2009 1999 1992 1985 1978 1971 1962 1954 1947 1942 1941 1938 1933 1930 1925 1920 1913 1903 1894 1883 1875 1869 1861 1856 1857 1860 1860 1864 1866 1868 1868 1870 1874 1871 1866 1864 1862 1858 1848 1837 1827 1819 1817 1818 1819 1823 1827 1832 1842 1853 1860 1866 1871 1877 1879 1883 1889 1889 1881 1864 1851 1853 1863 1871 1880 1890 1907 1912 1911 1917
1984 1990 1996 2000 2007 2014 2021 2028 2032 2039 2043 2039 2032 2024 2014 2007 1996 1987 1979 1974 1965 1963 1961 1957 1951 1947 1942 1937 1933 1928 1921 1906 1895 1891 1880 1875 1867 1858 1855 1854 1852 1850 1852 1857 1860 1863 1861 1855 1851 1849 1847 1843 1840 1834 1826 1822 1821 1823 1826 1829 1832 1838 1845 1858 1867 1876 1883 1889 1894 1895 1896 1893 1881 1866 1858 1858 1864 1873 1883 1895 1912 1919 1927 1933
1976 1982 1990 1997 2003 2010 2019 2026 2033 2039 2040 2039 2036 2028 2020 2013 2007 2000 1995 1989 1980 1976 1976 1971 1965 1961 1956 1948 1940 1937 1929 1913 1901 1897 1893 1881 1871 1862 1856 1853 1847 1845 1845 1846 1848 1848 1847 1840 1838 1837 1834 1832 1833 1830 1825 1824 1826 1828 1834 1837 1842 1846 1852 1861 1871 1881 1890 1898 1904 1909 1905 1894 1884 1872 1865 1864 1869 1875 1891 1908 1918 1929 1938 1940
1971 1976 1987 1996 2003 2012 2021 2029 2036 2041 2043 2041 2036 2029 2023 2017 2011 2008 2008 2005 1998 1990 1986 1982 1978 1974 1970 1960 1949 1940 1929 1917 1908 1902 1895 1886 1876 1868 1862 1857 1850 1845 1840 1837 1834 1834 1832 1831 1830 1831 1827 1827 1827 1827 1825 1828 1832 1836 1841 1844 1847 1852 1859 1867 1875 1885 1895 1902 1911 1917 1916 1905 1892 1882 1875 1874 1878 1887 1902 1913 1928 1936 1945 1949
1965 1977 1988 1997 2005 2013 2023 2033 2041 2045 2046 2045 2041 2033 2026 2021 2014 2013 2013 2012 2006 1998 1993 1993 1988 1985 1977 1969 1956 1943 1933 1925 1916 1910 1897 1885 1879 1873 1868 1863 1856 1846 1838 1831 1830 1830 1831 1831 1830 1830 1829 1830 1832 1831 1831 1833 1838 1842 1846 1849 1850 1855 1863 1872 1880 1888 1897 1906 1913 1919 1921 1913 1902 1891 1883 1882 1888 1894 1907 1926 1941 1951 1956 1953
1965 1974 1985 1996 2003 2009 2018 2028 2034 2040 2041 2040 2036 2033 2029 2023 2016 2009 2009 2009 2005 1999 1995 1992 1990 1986 1980 1972 1960 1948 1937 1928 1922 1913 1902 1890 1881 1877 1871 1867 1856 1846 1837 1831 1829 1830 1836 1839 1839 1838 1836 1837 1840 1840 1841 1842 1844 1847 1853 1854 1856 1861 1868 1875 1882 1891 1901 1907 1916 1922 1922 1913 1902 1897 1891 1890 1892 1901 1916 1938 1952 1958 1959 1957
1962 1971 1980 1991 1999 2005 2011 2016 2023 2028 2029 2028 2028 2028 2025 2020 2010 2003 2000 1996 1994 1990 1988 1984 1980 1979 1976 1966 1955 1942 1933 1924 1916 1908 1900 1891 1882 1874 1870 1861 1852 1842 1835 1830 1829 1834 1843 1851 1854 1853 1853 1854 1849 1849 1847 1847 1847 1853 1859 1865 1865 1868 1872 1878 1887 1899 1904 1910 1917 1924 1923 1915 1905 1901 1900 1900 1903 1913 1932 1950 1960 1966 1968 1958
1953 1962 1973 1982 1991 1998 2001 2005 2009 2013 2019 2020 2020 2018 2014 2008 2000 1993 1987 1982 1978 1978 1971 1968 1966 1964 1958 1950 1939 1929 1921 1914 1905 1895 1889 1884 1876 1869 1863 1857 1848 1841 1834 1833 1834 1843 1854 1866 1875 1875 1877 1874 1866 1856 1853 1849 1850 1856 1867 1877 1880 1881 1881 1882 1893 1902 1907 1913 1922 1928 1929 1920 1909 1902 1905 1907 1913 1928 1950 1965 1969 1974 1968 1953
1949 1956 1962 1968 1974 1981 1987 1993 1999 2004 2009 2013 2014 2009 2002 1995 1987 1982 1975 1968 1965 1960 1957 1954 1951 1947 1942 1934 1929 1922 1914 1906 1897 1887 1880 1875 1870 1863 1859 1855 1847 1843 1842 1843 1850 1857 1870 1879 1887 1895 1895 1889 1880 1868 1861 1849 1851 1859 1869 1879 1884 1885 1884 1888 1896 1902 1908 1916 1926 1932 1931 1926 1912 1911 1915 1920 1928 1945 1962 1971 1975 1973 1965 1951
1941 1946 1954 1957 1959 1963 1971 1980 1987 1993 2003 2009 2009 2004 1996 1985 1977 1967 1961 1956 1951 1949 1945 1940 1938 1936 1930 1926 1922 1917 1909 1901 1891 1882 1873 1869 1862 1858 1853 1849 1852 1853 1857 1861 1869 1878 1886 1894 1901 1904 1903 1897 1885 1876 1861 1856 1856 1860 1868 1875 1879 1880 1884 1892 1900 1907 1913 1922 1930 1935 1937 1934 1926 1924 1927 1936 1948 1959 1971 1974 1976 1974 1965 1956
1931 1934 1940 1945 1948 1953 1961 1970 1976 1983 1993 2002 2003 1998 1987 1976 1963 1954 1947 1943 1939 1934 1931 1926 1923 1920 1916 1912 1909 1906 1900 1891 1881 1871 1865 1856 1850 1847 1851 1855 1860 1865 1872 1880 1889 1896 1902 1908 1913 1912 1908 1899 1887 1880 1872 1863 1860 1862 1867 1872 1875 1876 1884 1896 1904 1910 1916 1925 1934 1941 1944 1940 1935 1932 1937 1945 1954 1964 1972 1980 1981 1979 1971 1963
1923 1925 1929 1933 1936 1944 1951 1961 1969 1977 1986 1994 1996 1989 1980 1969 1954 1944 1936 1931 1924 1920 1917 1913 1908 1902 1898 1892 1889 1888 1886 1880 1870 1863 1856 1851 1848 1856 1861 1869 1874 1884 1892 1899 1906 1909 1913 1916 1919 1920 1914 1904 1891 1883 1875 1868 1865 1864 1867 1868 1870 1875 1885 1897 1906 1910 1919 1930 1939 1948 1951 1951 1945 1943 1946 1952 1965 1971 1987 1992 1991 1987 1978 1969
1918 1918 1921 1925 1927 1929 1941 1950 1962 1969 1978 1985 1986 1982 1974 1964 1947 1935 1928 1920 1912 1908 1903 1900 1894 1885 1881 1879 1876 1875 1873 1870 1863 1857 1854 1857 1862 1871 1880 1888 1896 1905 1909 1915 1917 1920 1922 1925 1926 1924 1920 1909 1899 1887 1879 1874 1870 1871 1869 1868 1872 1879 1886 1893 1905 1917 1925 1932 1941 1952 1957 1959 1955 1955 1958 1967 1981 1993 2004 2006 2002 1996 1982 1970
1921 1919 1917 1917 1918 1923 1930 1938 1947 1958 1969 1976 1980 1978 1971 1957 1942 1931 1921 1913 1906 1900 1893 1889 1883 1874 1873 1870 1867 1865 1864 1861 1857 1857 1862 1869 1879 1891 1896 1904 1914 1919 1923 1924 1929 1931 1930 1929 1928 1923 1918 1910 1900 1890 1881 1877 1876 1878 1876 1876 1880 1885 1892 1900 1909 1920 1929 1935 1941 1952 1960 1963 1964 1966 1970 1978 1991 2002 2009 2010 2006 1992 1976 1964
1925 1922 1918 1914 1912 1916 1920 1925 1935 1944 1957 1970 1975 1974 1966 1952 1939 1927 1919 1910 1901 1893 1887 1881 1875 1874 1873 1871 1869 1866 1866 1862 1861 1862 1871 1881 1892 1900 1910 1918 1926 1932 1935 1937 1937 1938 1934 1928 1924 1918 1915 1910 1902 1895 1889 1886 1887 1886 1884 1881 1882 1888 1895 1901 1910 1922 1930 1937 1949 1958 1962 1967 1971 1977 1985 1994 2004 2011 2013 2010 2004 1990 1973 1962
1923 1921 1916 1914 1911 1910 1912 1914 1921 1929 1936 1948 1955 1960 1951 1940 1929 1923 1917 1908 1897 1890 1884 1879 1876 1875 1876 1879 1880 1880 1881 1881 1879 1879 1883 1890 1900 1912 1923 1929 1938 1944 1948 1948 1946 1942 1936 1930 1920 1914 1912 1909 1903 1899 1898 1896 1892 1890 1887 1883 1883 1887 1896 1903 1912 1923 1931 1938 1950 1961 1967 1972 1978 1986 1996 2010 2019 2024 2018 2008 2000 1990 1976 1967
1927 1923 1922 1920 1915 1910 1908 1908 1909 1915 1920 1925 1933 1936 1935 1927 1920 1913 1906 1899 1891 1887 1881 1877 1873 1872 1873 1882 1893 1894 1897 1899 1900 1899 1900 1903 1908 1919 1931 1943 1952 1956 1960 1962 1958 1949 1937 1928 1921 1913 1909 1906 1904 1904 1904 1904 1895 1891 1888 1886 1886 1891 1898 1906 1913 1921 1927 1935 1946 1955 1963 1972 1980 1987 2001 2016 2026 2030 2025 2015 2005 1996 1984 1974
1937 1933 1932 1930 1925 1915 1907 1904 1903 1905 1911 1914 1917 1916 1912 1912 1909 1900 1895 1889 1886 1881 1879 1876 1875 1873 1879 1893 1901 1905 1910 1913 1916 1913 1913 1918 1923 1928 1942 1956 1963 1968 1970 1969 1963 1951 1936 1925 1921 1917 1914 1913 1911 1911 1912 1907 1902 1897 1895 1894 1893 1895 1900 1904 1907 1912 1918 1926 1937 1947 1955 1965 1977 1989 2002 2017 2026 2029 2026 2018 2012 2002 1993 1981
1943 1941 1934 1930 1925 1918 1910 1907 1903 1898 1901 1907 1908 1903 1901 1900 1899 1894 1891 1889 1889 1885 1881 1880 1880 1881 1890 1901 1910 1917 1924 1929 1929 1929 1927 1930 1937 1943 1952 1966 1975 1978 1977 1972 1963 1951 1941 1934 1927 1923 1922 1924 1922 1919 1915 1911 1909 1904 1901 1899 1898 1898 1900 1904 1907 1910 1914 1920 1929 1941 1951 1961 1971 1985 2002 2015 2026 2029 2028 2024 2023 2015 2001 1985
1946 1944 1937 1929 1924 1918 1912 1908 1900 1894 1894 1898 1900 1896 1891 1890 1890 1895 1895 1898 1899 1897 1891 1890 1892 1895 1902 1910 1920 1932 1941 1944 1944 1942 1940 1945 1948 1954 1962 1972 1982 1985 1981 1970 1961 1951 1943 1937 1931 1928 1927 1928 1928 1923 1920 1916 1911 1906 1899 1898 1899 1901 1906 1908 1912 1916 1921 1926 1929 1937 1946 1956 1968 1982 1997 2009 2023 2031 2033 2033 2033 2029 2015 1995
1947 1943 1939 1933 1930 1926 1922 1915 1904 1893 1893 1894 1897 1898 1894 1894 1902 1906 1911 1914 1913 1909 1904 1902 1905 1913 1923 1930 1940 1949 1953 1956 1957 1958 1958 1960 1963 1965 1970 1981 1990 1992 1986 1976 1965 1956 1945 1937 1933 1931 1930 1931 1929 1925 1922 1918 1912 1904 1899 1902 1907 1915 1919 1920 1920 1924 1929 1933 1935 1938 1945 1953 1967 1978 1988 1999 2015 2029 2034 2039 2041 2038 2023 2007
1951 1948 1944 1937 1931 1928 1923 1915 1907 1902 1899 1901 1907 1908 1910 1910 1917 1922 1926 1928 1926 1919 1914 1912 1918 1929 1939 1951 1959 1965 1971 1974 1976 1977 1975 1979 1982 1983 1988 1996 2003 2001 1993 1981 1971 1962 1952 1941 1934 1933 1931 1931 1930 1926 1924 1918 1911 1907 1906 1907 1918 1926 1929 1932 1933 1939 1942 1944 1946 1949 1956 1962 1973 1982 1990 2002 2014 2026 2035 2043 2046 2042 2028 2014
1961 1955 1948 1941 1932 1926 1924 1919 1913 1908 1905 1911 1917 1924 1925 1932 1936 1939 1938 1940 1938 1931 1927 1928 1933 1939 1949 1961 1970 1976 1984 1988 1992 1994 1998 2005 2006 2005 2008 2012 2011 2004 1996 1987 1974 1962 1950 1942 1938 1935 1933 1932 1932 1932 1928 1922 1916 1915 1911 1919 1928 1934 1938 1939 1943 1948 1950 1955 1958 1965 1970 1976 1983 1989 1997 2006 2020 2032 2043 2052 2055 2045 2032 2020
1967 1959 1953 1946 1937 1930 1929 1926 1919 1912 1909 1913 1920 1928 1935 1943 1950 1951 1950 1949 1949 1946 1945 1944 1946 1952 1958 1969 1983 1993 1997 2001 2009 2013 2016 2019 2019 2018 2020 2021 2016 2009 1999 1989 1978 1963 1952 1947 1943 1939 1936 1936 1936 1934 1933 1928 1927 1925 1926 1931 1939 1943 1944 1947 1952 1955 1959 1968 1978 1984 1988 1990 1992 1995 2002 2010 2022 2040 2052 2058 2056 2046 2034 2019
1972 1963 1956 1952 1942 1934 1931 1922 1914 1910 1911 1915 1923 1930 1940 1950 1955 1959 1961 1960 1962 1963 1961 1958 1956 1960 1967 1981 1997 2008 2015 2023 2030 2033 2031 2029 2030 2030 2029 2026 2021 2011 2000 1990 1981 1970 1960 1954 1949 1947 1943 1941 1939 1937 1938 1939 1937 1936 1934 1939 1944 1948 1953 1956 1960 1964 1969 1979 1989 1993 1997 1999 2000 2003 2011 2021 2035 2049 2054 2057 2055 2046 2033 2020
1973 1966 1959 1950 1941 1934 1927 1917 1909 1911 1915 1921 1927 1936 1945 1954 1964 1971 1975 1975 1974 1975 1973 1971 1972 1975 1980 1993 2004 2017 2031 2038 2043 2041 2038 2038 2041 2042 2039 2030 2021 2010 2000 1992 1985 1977 1966 1959 1953 1950 1946 1942 1942 1942 1942 1944 1944 1942 1941 1942 1946 1952 1958 1964 1969 1973 1979 1988 1995 1998 2001 2004 2006 2008 2019 2029 2048 2060 2066 2065 2064 2051 2035 2022
1969 1962 1958 1949 1939 1932 1926 1917 1915 1918 1928 1933 1937 1944 1951 1961 1971 1979 1983 1984 1983 1982 1982 1983 1987 1989 1996 2000 2010 2024 2038 2047 2052 2051 2048 2050 2050 2048 2042 2034 2021 2012 2004 1997 1991 1983 1975 1966 1962 1957 1952 1948 1948 1947 1945 1946 1947 1948 1948 1950 1952 1956 1964 1969 1977 1980 1985 1994 2001 2004 2007 2009 2010 2017 2028 2043 2058 2069 2074 2075 2068 2054 2032 2022
