notebooks/landlab-terrainbento/coupled_process_elements/DEMData/SRTMGL1_40.015_-105.33_40.065_-105.28.tif
ncols        180
nrows        180
xllcorner    -105.330138888879
yllcorner    40.015138888886
cellsize     0.000277777778
NODATA_value -32768
[rows 38 to 75 of 180, columns 0 to 83 of 180]
1967 1960 1954 1948 1938 1930 1926 1924 1923 1929 1936 1941 1947 1951 1956 1964 1974 1982 1990 1992 1994 1994 1995 1998 2000 2004 2008 2011 2022 2034 2048 2059 2061 2065 2063 2064 2061 2056 2051 2044 2030 2017 2010 2005 1998 1990 1980 1972 1968 1964 1957 1955 1956 1955 1954 1953 1956 1956 1957 1959 1960 1960 1962 1968 1974 1982 1990 1998 2005 2008 2011 2013 2017 2027 2042 2050 2062 2071 2075 2073 2060 2042 2030 2018
1967 1960 1953 1948 1939 1930 1926 1928 1931 1936 1944 1954 1960 1962 1966 1971 1979 1990 1999 2004 2005 2009 2012 2013 2015 2020 2024 2036 2043 2057 2068 2072 2072 2073 2074 2074 2072 2067 2063 2053 2040 2027 2018 2009 2003 1995 1986 1978 1973 1967 1961 1959 1964 1965 1963 1963 1961 1961 1963 1965 1964 1963 1963 1966 1972 1980 1986 1994 2001 2006 2013 2016 2023 2036 2044 2052 2063 2069 2068 2060 2047 2036 2024 2012
1970 1963 1955 1947 1941 1932 1928 1931 1936 1944 1952 1960 1966 1969 1972 1978 1988 1999 2007 2013 2017 2023 2029 2032 2034 2040 2051 2055 2063 2070 2076 2078 2077 2077 2076 2076 2074 2068 2065 2057 2048 2038 2026 2018 2010 2004 1999 1991 1984 1977 1973 1973 1973 1976 1974 1973 1971 1970 1969 1969 1967 1964 1962 1963 1966 1974 1982 1990 1997 2003 2008 2013 2021 2031 2041 2048 2055 2064 2060 2054 2042 2029 2019 2005
1978 1970 1961 1952 1943 1935 1930 1932 1939 1946 1952 1959 1966 1971 1976 1983 1991 2003 2013 2020 2027 2037 2047 2050 2049 2054 2060 2070 2077 2079 2079 2081 2078 2076 2076 2074 2069 2064 2061 2056 2050 2044 2036 2026 2019 2012 2006 2001 1995 1988 1985 1984 1983 1982 1980 1980 1979 1976 1973 1972 1972 1967 1961 1958 1964 1971 1978 1986 1992 1998 2004 2011 2019 2029 2035 2041 2050 2057 2057 2054 2046 2035 2017 1999
1984 1976 1964 1954 1945 1937 1933 1936 1941 1947 1951 1958 1966 1973 1981 1987 1995 2006 2019 2028 2037 2050 2059 2062 2064 2066 2073 2081 2086 2087 2089 2084 2080 2075 2073 2070 2066 2062 2056 2053 2049 2044 2034 2027 2022 2017 2011 2006 2005 1996 1991 1990 1990 1988 1986 1986 1984 1982 1980 1977 1975 1970 1963 1958 1961 1966 1974 1982 1986 1992 1998 2008 2015 2021 2028 2034 2043 2051 2058 2056 2050 2040 2020 2005
1986 1976 1964 1955 1947 1944 1941 1942 1944 1946 1949 1954 1963 1974 1984 1991 1998 2007 2019 2032 2045 2058 2066 2073 2079 2081 2082 2084 2089 2092 2092 2089 2080 2073 2069 2064 2061 2058 2054 2051 2047 2040 2033 2029 2024 2018 2013 2010 2008 2003 1994 1993 1993 1993 1992 1988 1985 1986 1984 1979 1972 1966 1960 1956 1957 1960 1966 1973 1980 1985 1990 1997 2006 2012 2018 2023 2028 2038 2050 2049 2042 2036 2028 2016
1981 1974 1965 1956 1950 1946 1944 1946 1947 1948 1950 1953 1964 1975 1983 1992 2000 2009 2019 2030 2045 2060 2071 2082 2090 2095 2095 2098 2098 2097 2092 2086 2078 2070 2065 2063 2059 2054 2047 2044 2043 2036 2034 2030 2024 2017 2012 2009 2005 1996 1991 1991 1990 1991 1992 1991 1987 1986 1983 1976 1970 1963 1957 1951 1950 1953 1956 1965 1973 1979 1983 1989 1997 2003 2007 2011 2014 2020 2027 2032 2029 2027 2026 2021
1974 1968 1960 1956 1950 1946 1948 1951 1954 1956 1957 1959 1964 1971 1979 1988 2000 2010 2021 2035 2047 2061 2075 2082 2092 2102 2106 2108 2104 2099 2092 2084 2075 2069 2065 2061 2058 2051 2040 2039 2035 2034 2031 2026 2020 2014 2008 2001 1994 1991 1989 1987 1985 1985 1986 1986 1985 1983 1978 1973 1968 1963 1957 1948 1943 1942 1947 1955 1963 1969 1975 1982 1988 1997 1998 2001 2002 2004 2009 2011 2011 2012 2014 2014
1970 1962 1958 1954 1951 1952 1953 1956 1959 1962 1963 1964 1967 1973 1979 1991 2003 2013 2026 2039 2052 2064 2071 2082 2094 2103 2109 2111 2105 2098 2092 2086 2078 2070 2064 2060 2057 2050 2044 2036 2032 2030 2027 2021 2015 2009 2002 1994 1989 1987 1986 1979 1975 1978 1978 1976 1974 1973 1971 1968 1966 1964 1958 1948 1938 1936 1939 1945 1950 1958 1968 1974 1979 1981 1983 1984 1985 1986 1986 1989 1995 1998 1999 2001
1969 1963 1959 1957 1956 1959 1964 1968 1968 1968 1968 1968 1971 1976 1983 1992 2003 2018 2034 2046 2055 2063 2073 2083 2096 2105 2112 2109 2104 2098 2092 2084 2076 2068 2063 2060 2055 2048 2042 2036 2031 2025 2021 2016 2010 2005 2000 1994 1986 1983 1978 1972 1968 1969 1967 1966 1965 1964 1964 1963 1962 1960 1955 1948 1938 1933 1933 1937 1942 1951 1957 1965 1967 1968 1969 1969 1968 1970 1971 1974 1979 1983 1985 1985
1967 1968 1968 1968 1969 1973 1977 1981 1980 1975 1975 1977 1980 1982 1987 1991 2003 2020 2037 2049 2056 2064 2075 2090 2101 2110 2111 2111 2105 2097 2089 2082 2075 2067 2062 2058 2052 2044 2039 2034 2030 2023 2017 2012 2007 2002 1996 1990 1988 1984 1980 1973 1969 1966 1965 1962 1959 1957 1956 1955 1954 1953 1950 1944 1936 1931 1929 1932 1939 1945 1954 1956 1956 1956 1958 1958 1956 1956 1955 1956 1959 1962 1965 1969
1973 1976 1982 1983 1984 1987 1991 1993 1991 1986 1985 1986 1988 1990 1991 1997 2009 2025 2039 2050 2061 2072 2086 2095 2105 2110 2113 2115 2108 2098 2089 2081 2074 2069 2062 2055 2049 2043 2037 2033 2029 2023 2016 2012 2007 2001 1996 1993 1991 1990 1985 1979 1975 1972 1969 1962 1956 1951 1949 1946 1944 1942 1942 1936 1929 1924 1921 1923 1931 1936 1944 1947 1947 1946 1946 1947 1945 1941 1940 1940 1944 1945 1946 1950
1988 1992 1994 1994 1994 1996 1998 1998 1997 1992 1990 1992 1993 1996 1998 2005 2015 2024 2035 2051 2067 2077 2084 2094 2105 2112 2116 2115 2109 2097 2089 2079 2072 2069 2061 2056 2051 2046 2040 2034 2030 2028 2024 2021 2014 2005 2001 1999 1997 1994 1991 1986 1982 1979 1975 1969 1961 1954 1947 1943 1938 1937 1934 1930 1924 1920 1917 1918 1921 1925 1928 1932 1932 1932 1934 1936 1933 1930 1927 1927 1930 1932 1932 1934
2006 2010 2010 2004 2005 2005 2005 2004 2002 2001 1999 1998 2001 2002 2005 2011 2018 2027 2037 2051 2063 2072 2081 2093 2104 2111 2114 2114 2108 2097 2087 2079 2073 2068 2063 2057 2054 2049 2043 2038 2034 2033 2031 2028 2019 2008 2004 2003 2003 1997 1994 1992 1988 1985 1980 1973 1969 1961 1951 1945 1941 1938 1934 1928 1923 1919 1914 1913 1916 1917 1919 1918 1918 1918 1922 1924 1923 1919 1915 1914 1914 1918 1918 1918
2023 2026 2022 2016 2018 2016 2015 2014 2013 2011 2009 2009 2011 2013 2016 2021 2026 2032 2040 2049 2059 2068 2078 2090 2101 2107 2111 2115 2110 2099 2090 2082 2076 2070 2065 2058 2052 2048 2043 2041 2038 2038 2036 2031 2025 2014 2006 2003 2000 1996 1992 1988 1984 1980 1976 1970 1966 1962 1954 1947 1944 1939 1934 1929 1926 1918 1912 1911 1910 1911 1911 1911 1909 1909 1910 1911 1910 1908 1906 1902 1900 1903 1902 1901
2038 2040 2033 2028 2028 2028 2027 2029 2028 2025 2022 2017 2018 2022 2024 2029 2031 2034 2041 2051 2061 2071 2080 2089 2098 2105 2109 2111 2108 2101 2093 2085 2076 2069 2063 2056 2050 2045 2041 2040 2039 2038 2037 2033 2028 2019 2011 2002 2000 1996 1991 1987 1981 1976 1969 1966 1961 1957 1951 1946 1941 1937 1934 1929 1924 1919 1913 1909 1906 1904 1905 1905 1904 1901 1898 1899 1899 1898 1896 1893 1891 1890 1887 1883
2049 2048 2044 2039 2038 2036 2035 2036 2037 2035 2030 2028 2029 2032 2036 2039 2038 2040 2045 2054 2064 2073 2082 2091 2098 2103 2105 2107 2106 2101 2095 2084 2074 2067 2061 2053 2048 2044 2041 2038 2036 2036 2035 2035 2033 2027 2019 2010 2002 2000 1994 1986 1980 1972 1965 1960 1955 1951 1947 1940 1933 1931 1928 1925 1921 1916 1912 1906 1901 1901 1902 1902 1900 1898 1895 1893 1895 1896 1893 1888 1885 1881 1876 1873
2055 2056 2051 2049 2046 2043 2041 2040 2042 2042 2039 2038 2041 2043 2045 2044 2044 2044 2050 2058 2065 2074 2084 2092 2097 2099 2101 2102 2102 2099 2091 2081 2072 2066 2058 2050 2044 2040 2036 2034 2033 2032 2032 2032 2033 2031 2027 2019 2012 2005 1995 1985 1981 1973 1965 1960 1955 1951 1946 1937 1929 1924 1923 1918 1914 1913 1909 1904 1902 1901 1902 1901 1900 1901 1904 1906 1906 1904 1900 1893 1892 1885 1882 1877
2057 2057 2056 2054 2052 2051 2050 2047 2049 2047 2044 2042 2045 2048 2050 2052 2050 2052 2057 2063 2069 2075 2081 2088 2091 2093 2096 2098 2097 2092 2084 2076 2069 2062 2055 2047 2042 2036 2031 2030 2028 2025 2026 2027 2028 2029 2029 2026 2020 2010 1997 1988 1984 1979 1971 1965 1961 1956 1953 1944 1933 1922 1917 1915 1914 1910 1906 1904 1903 1904 1903 1904 1907 1912 1917 1919 1920 1918 1913 1908 1907 1902 1897 1890
2062 2063 2065 2062 2061 2062 2061 2060 2056 2053 2048 2047 2049 2056 2059 2056 2055 2055 2063 2068 2071 2072 2076 2079 2083 2087 2092 2095 2092 2086 2078 2071 2065 2060 2053 2047 2039 2033 2029 2024 2019 2020 2021 2023 2023 2024 2025 2024 2019 2012 1999 1994 1988 1988 1979 1973 1968 1962 1954 1946 1934 1923 1917 1914 1913 1909 1902 1903 1906 1906 1908 1912 1915 1920 1926 1930 1935 1933 1931 1925 1923 1919 1917 1914
2075 2076 2076 2074 2071 2069 2069 2067 2063 2059 2055 2056 2058 2064 2071 2068 2062 2063 2067 2070 2071 2072 2074 2076 2080 2086 2089 2089 2087 2081 2074 2069 2062 2057 2050 2040 2032 2030 2025 2019 2015 2015 2016 2014 2012 2014 2016 2014 2010 2003 1998 1993 1990 1986 1983 1977 1971 1962 1952 1943 1934 1924 1919 1917 1916 1913 1912 1911 1913 1914 1917 1920 1922 1926 1932 1939 1944 1949 1949 1945 1942 1939 1935 1936
2084 2083 2083 2082 2077 2075 2074 2071 2070 2066 2066 2068 2070 2074 2077 2072 2067 2065 2067 2068 2070 2072 2073 2073 2077 2081 2083 2082 2080 2074 2069 2061 2058 2052 2043 2034 2025 2022 2019 2012 2007 2008 2006 2004 2005 2004 2005 2004 2000 1993 1989 1984 1980 1978 1977 1975 1969 1962 1953 1944 1932 1922 1921 1922 1924 1928 1929 1930 1929 1927 1928 1930 1930 1933 1941 1946 1953 1957 1961 1959 1960 1963 1957 1954
2093 2092 2092 2090 2085 2082 2081 2079 2076 2074 2071 2072 2074 2076 2076 2073 2070 2067 2062 2064 2065 2066 2066 2069 2072 2074 2074 2073 2072 2067 2061 2057 2052 2046 2039 2029 2021 2017 2012 2007 2002 2000 1998 1997 1996 1996 1996 1995 1991 1985 1979 1975 1971 1968 1969 1966 1960 1957 1950 1943 1933 1925 1924 1925 1929 1934 1937 1940 1938 1937 1938 1941 1944 1948 1952 1957 1962 1970 1976 1979 1979 1974 1971 1973
2107 2104 2100 2097 2090 2088 2085 2084 2082 2081 2078 2077 2079 2079 2076 2074 2072 2066 2062 2061 2061 2059 2057 2059 2063 2063 2064 2066 2064 2059 2054 2049 2047 2042 2035 2027 2019 2014 2007 2002 1998 1996 1994 1992 1990 1990 1990 1990 1985 1977 1972 1969 1966 1964 1960 1955 1952 1949 1944 1940 1936 1932 1930 1930 1934 1940 1945 1947 1947 1948 1947 1951 1958 1963 1966 1970 1973 1980 1987 1991 1992 1987 1983 1982
2115 2111 2106 2101 2096 2092 2090 2088 2086 2084 2084 2083 2085 2083 2077 2073 2072 2069 2064 2063 2059 2053 2053 2054 2055 2056 2057 2059 2057 2051 2046 2043 2039 2034 2028 2023 2014 2008 2004 2001 1998 1996 1995 1993 1991 1990 1993 1990 1984 1975 1969 1968 1966 1961 1954 1949 1947 1944 1942 1940 1936 1931 1925 1928 1933 1944 1947 1953 1956 1956 1958 1962 1970 1976 1979 1983 1986 1989 1993 1999 2000 1996 1992 1989
2117 2115 2112 2109 2104 2100 2095 2092 2091 2091 2091 2091 2092 2088 2079 2074 2071 2067 2060 2058 2051 2048 2049 2052 2053 2051 2051 2049 2048 2043 2038 2035 2031 2025 2020 2014 2008 2003 2001 1999 1996 1998 1999 1998 1999 1999 1998 1995 1991 1983 1977 1975 1973 1968 1959 1952 1949 1946 1947 1945 1941 1932 1926 1927 1934 1942 1948 1952 1956 1960 1964 1972 1977 1984 1992 1995 1997 1998 2002 2005 2005 2002 1995 1988
2113 2112 2112 2112 2110 2103 2098 2096 2096 2095 2094 2093 2090 2086 2079 2074 2070 2063 2057 2052 2047 2041 2044 2045 2046 2045 2041 2039 2036 2034 2031 2027 2022 2018 2012 2008 2004 2002 2003 2003 2002 2003 2006 2009 2010 2008 2004 2000 1995 1991 1987 1985 1981 1978 1972 1967 1962 1959 1958 1956 1946 1935 1931 1931 1935 1941 1947 1954 1959 1963 1973 1982 1991 2000 2005 2005 2004 2004 2009 2010 2007 2003 1996 1987
2107 2107 2109 2110 2108 2104 2099 2099 2098 2097 2095 2091 2088 2085 2080 2075 2071 2066 2060 2055 2050 2047 2044 2043 2040 2036 2035 2030 2028 2027 2025 2022 2020 2017 2016 2010 2007 2008 2010 2011 2012 2013 2015 2017 2016 2013 2009 2004 1997 1993 1990 1988 1986 1985 1983 1979 1974 1969 1964 1957 1949 1940 1938 1937 1939 1946 1954 1961 1967 1973 1984 1998 2005 2010 2014 2012 2010 2011 2013 2013 2008 2000 1991 1982
2104 2104 2105 2106 2103 2099 2097 2096 2097 2096 2094 2090 2086 2084 2081 2078 2073 2070 2064 2060 2057 2054 2049 2045 2040 2036 2034 2032 2032 2029 2028 2030 2029 2028 2023 2019 2014 2015 2015 2018 2022 2027 2025 2022 2022 2019 2015 2009 2002 1998 1996 1993 1990 1987 1985 1981 1977 1971 1965 1960 1951 1945 1941 1938 1943 1950 1959 1968 1975 1981 1993 2003 2010 2012 2015 2014 2016 2016 2019 2016 2009 1997 1987 1979
2098 2100 2101 2101 2097 2094 2093 2095 2096 2097 2094 2092 2089 2087 2085 2083 2078 2070 2065 2061 2057 2051 2048 2047 2047 2045 2042 2042 2042 2042 2039 2040 2041 2037 2030 2024 2020 2017 2020 2025 2034 2041 2037 2034 2028 2023 2018 2013 2008 2005 2001 1999 1994 1990 1984 1978 1973 1967 1964 1962 1961 1954 1947 1943 1943 1952 1963 1973 1980 1985 1992 2000 2006 2007 2010 2013 2015 2018 2018 2017 2008 1997 1988 1979
2092 2094 2096 2096 2091 2088 2091 2094 2096 2098 2097 2094 2092 2089 2087 2083 2075 2072 2067 2062 2059 2051 2048 2050 2052 2055 2056 2057 2058 2055 2052 2051 2050 2045 2040 2034 2029 2028 2029 2036 2041 2045 2046 2040 2032 2023 2017 2014 2010 2007 2003 2000 1994 1987 1980 1974 1971 1970 1968 1969 1970 1965 1958 1951 1950 1954 1965 1975 1980 1984 1986 1989 1994 1997 2002 2008 2011 2015 2015 2014 2008 1998 1988 1978
2090 2091 2091 2090 2087 2085 2087 2091 2094 2096 2097 2095 2091 2092 2087 2081 2076 2074 2072 2066 2061 2056 2053 2055 2056 2059 2065 2067 2068 2065 2062 2059 2056 2050 2046 2044 2041 2041 2045 2047 2048 2049 2048 2044 2036 2025 2019 2015 2009 2006 2002 1998 1992 1985 1978 1976 1979 1980 1979 1979 1978 1972 1966 1962 1957 1957 1965 1971 1977 1978 1979 1979 1985 1992 1997 2002 2006 2010 2014 2012 2006 1998 1986 1972
2091 2091 2089 2086 2082 2082 2084 2089 2093 2096 2097 2098 2098 2095 2090 2082 2077 2075 2070 2064 2061 2058 2057 2059 2061 2064 2069 2073 2076 2077 2072 2068 2061 2056 2052 2051 2050 2051 2051 2056 2052 2047 2043 2041 2036 2029 2023 2016 2010 2004 2001 1997 1990 1989 1988 1988 1993 1992 1990 1988 1987 1981 1972 1966 1960 1959 1962 1968 1971 1975 1975 1977 1983 1991 1997 2000 2003 2007 2009 2004 1998 1991 1983 1968
2090 2087 2085 2082 2078 2076 2082 2090 2096 2100 2103 2105 2104 2100 2094 2088 2083 2078 2071 2064 2062 2059 2061 2065 2070 2074 2079 2084 2088 2090 2083 2076 2068 2061 2059 2056 2055 2055 2056 2056 2052 2045 2039 2036 2032 2027 2022 2015 2007 2004 2002 1997 1994 1996 1998 2003 2006 2004 2002 2001 1997 1989 1979 1971 1966 1963 1965 1966 1968 1970 1973 1978 1985 1991 1996 1999 2002 2001 1999 1994 1991 1988 1979 1965
2077 2077 2075 2076 2075 2078 2086 2094 2098 2103 2107 2108 2107 2104 2099 2094 2089 2085 2076 2070 2067 2066 2067 2070 2078 2084 2088 2093 2096 2096 2093 2081 2073 2072 2067 2060 2058 2058 2057 2055 2052 2044 2037 2033 2028 2020 2016 2011 2007 2005 2003 2000 1999 2000 2005 2009 2012 2012 2011 2008 2002 1994 1985 1977 1972 1971 1970 1969 1967 1968 1972 1981 1989 1994 1998 2001 2003 2000 1995 1990 1987 1985 1975 1962
2066 2064 2064 2067 2071 2081 2091 2096 2103 2109 2111 2112 2113 2109 2104 2098 2094 2089 2085 2078 2072 2070 2071 2076 2083 2090 2097 2098 2099 2099 2096 2087 2080 2081 2079 2071 2064 2063 2057 2055 2053 2049 2040 2033 2025 2020 2015 2014 2011 2008 2007 2005 2003 2006 2009 2012 2015 2016 2014 2008 2002 1993 1988 1982 1980 1979 1977 1973 1970 1971 1977 1984 1990 1997 2003 2006 2005 2002 1994 1985 1980 1975 1968 1954
2059 2058 2058 2063 2080 2091 2099 2107 2112 2117 2118 2118 2115 2111 2108 2102 2096 2093 2090 2086 2080 2075 2077 2083 2089 2097 2100 2103 2103 2103 2102 2097 2093 2089 2085 2082 2077 2071 2065 2059 2055 2051 2044 2033 2026 2023 2021 2022 2020 2016 2013 2011 2010 2010 2015 2017 2017 2017 2014 2007 1997 1995 1988 1986 1986 1986 1985 1979 1973 1974 1980 1987 1993 2000 2006 2010 2009 2006 1997 1985 1969 1962 1956 1947
2051 2053 2056 2068 2081 2096 2104 2109 2115 2120 2120 2120 2119 2116 2112 2108 2101 2096 2091 2089 2086 2086 2088 2092 2095 2098 2103 2107 2108 2110 2111 2109 2103 2095 2092 2089 2085 2078 2069 2064 2060 2056 2046 2034 2030 2028 2029 2028 2025 2021 2017 2016 2015 2016 2016 2016 2017 2016 2012 2009 2006 2003 1999 1994 1994 1994 1989 1983 1975 1979 1983 1989 1996 2005 2011 2015 2013 2009 2005 1987 1969 1960 1954 1946
