notebooks/landlab-terrainbento/coupled_process_elements/DEMData/SRTMGL3_37.738884_-120.168457_38.091337_-119.465576.tif
ncols        843
nrows        423
xllcorner    -120.168750000014
yllcorner    37.739583333338
cellsize     0.000833333333
NODATA_value 0
[rows 266 to 303 of 423, columns 168 to 251 of 843]
755 697 652 604 566 546 545 580 626 663 702 733 775 819 855 886 919 949 981 997 1007 1020 1029 1029 1037 1054 1069 1093 1116 1131 1129 1104 1082 1082 1095 1097 1096 1094 1100 1101 1082 1070 1069 1069 1078 1091 1125 1150 1166 1171 1176 1183 1192 1194 1195 1193 1199 1207 1220 1227 1228 1224 1222 1216 1213 1209 1199 1185 1176 1158 1137 1119 1096 1089 1090 1094 1092 1075 1048 1044 1053 1041 1022 1015
765 714 666 616 572 546 543 564 603 638 671 702 742 781 815 853 890 928 965 994 1017 1029 1041 1052 1057 1066 1077 1092 1119 1138 1142 1127 1107 1103 1114 1121 1115 1112 1116 1113 1099 1098 1099 1109 1110 1119 1131 1151 1159 1165 1174 1189 1198 1197 1196 1193 1195 1198 1207 1215 1221 1230 1238 1237 1224 1215 1205 1197 1196 1186 1166 1155 1151 1149 1149 1144 1135 1116 1089 1088 1096 1089 1076 1065
784 737 688 641 593 556 537 548 580 616 647 681 715 748 774 808 849 891 934 982 1009 1026 1043 1051 1053 1064 1076 1090 1113 1133 1145 1140 1125 1124 1128 1130 1127 1127 1130 1133 1128 1130 1135 1139 1139 1143 1152 1159 1164 1173 1186 1195 1199 1199 1198 1196 1189 1189 1189 1199 1212 1224 1233 1242 1240 1228 1212 1208 1205 1193 1176 1161 1163 1167 1169 1171 1167 1157 1153 1155 1159 1151 1141 1126
773 746 709 667 628 575 540 539 572 604 632 660 688 715 746 785 832 885 939 987 1016 1026 1039 1044 1048 1062 1078 1089 1104 1122 1134 1141 1138 1137 1142 1142 1138 1142 1145 1150 1152 1151 1157 1163 1164 1166 1166 1166 1177 1184 1192 1194 1189 1191 1196 1192 1184 1185 1186 1193 1208 1215 1219 1228 1239 1239 1231 1220 1212 1195 1185 1174 1179 1176 1176 1186 1190 1194 1201 1217 1222 1216 1204 1182
722 701 686 663 628 576 534 545 570 593 616 651 679 716 756 798 845 899 951 1002 1029 1038 1041 1047 1053 1062 1072 1082 1100 1119 1133 1143 1147 1146 1153 1154 1152 1157 1156 1149 1148 1151 1163 1169 1166 1168 1178 1190 1203 1210 1203 1191 1182 1183 1192 1193 1187 1181 1181 1187 1199 1204 1202 1210 1222 1229 1233 1229 1216 1202 1196 1195 1195 1194 1197 1205 1212 1224 1235 1250 1265 1278 1268 1243
679 651 639 628 600 563 533 550 576 603 628 658 693 723 763 799 839 891 938 991 1032 1051 1049 1047 1051 1067 1080 1089 1105 1125 1136 1146 1154 1160 1166 1168 1168 1169 1161 1149 1142 1142 1151 1156 1163 1175 1194 1217 1237 1228 1206 1192 1178 1179 1188 1194 1191 1181 1175 1177 1186 1191 1189 1194 1205 1215 1223 1228 1218 1205 1208 1215 1216 1213 1211 1218 1235 1256 1273 1289 1308 1323 1317 1286
652 612 593 587 560 533 531 552 576 601 626 654 689 730 761 791 836 884 933 992 1035 1056 1065 1060 1059 1072 1081 1090 1104 1119 1127 1138 1146 1157 1166 1169 1170 1168 1162 1156 1143 1134 1143 1152 1168 1183 1202 1227 1247 1233 1206 1187 1170 1175 1189 1195 1188 1178 1168 1168 1175 1182 1190 1197 1206 1217 1226 1231 1226 1223 1227 1232 1235 1232 1233 1234 1244 1268 1293 1315 1336 1351 1350 1333
630 593 562 548 528 524 541 560 588 613 638 671 702 745 785 821 871 906 963 1008 1044 1065 1073 1070 1078 1090 1099 1099 1106 1118 1126 1138 1149 1154 1158 1162 1164 1166 1163 1154 1138 1130 1137 1147 1166 1180 1189 1204 1219 1213 1192 1174 1161 1161 1172 1178 1177 1177 1172 1168 1171 1183 1195 1208 1216 1229 1238 1245 1241 1239 1245 1248 1253 1250 1252 1259 1268 1283 1302 1320 1338 1358 1364 1365
626 589 548 524 526 548 571 588 617 649 672 690 722 763 809 856 907 954 994 1014 1048 1070 1082 1083 1087 1099 1114 1116 1116 1124 1135 1146 1149 1144 1145 1155 1166 1176 1172 1156 1138 1132 1130 1136 1150 1162 1173 1179 1187 1185 1167 1157 1154 1153 1154 1159 1166 1177 1185 1190 1188 1184 1190 1211 1227 1239 1255 1265 1258 1253 1252 1250 1254 1256 1262 1278 1290 1298 1312 1327 1343 1351 1356 1363
615 577 532 516 538 567 602 623 653 688 720 745 762 792 840 889 935 978 1004 1021 1048 1074 1091 1100 1108 1118 1131 1140 1142 1148 1152 1150 1143 1138 1140 1161 1177 1183 1179 1166 1143 1132 1129 1132 1140 1146 1156 1157 1155 1155 1148 1145 1149 1150 1153 1161 1169 1184 1204 1211 1205 1196 1202 1216 1227 1233 1241 1254 1264 1259 1246 1243 1253 1269 1280 1290 1299 1307 1321 1330 1336 1334 1342 1354
604 566 527 526 557 594 632 670 702 730 764 801 830 842 875 918 957 986 1005 1020 1038 1060 1083 1096 1110 1125 1142 1156 1163 1167 1156 1144 1136 1132 1140 1162 1181 1181 1172 1161 1143 1131 1125 1126 1128 1133 1137 1136 1137 1144 1143 1144 1152 1158 1159 1162 1172 1188 1207 1218 1217 1211 1209 1213 1216 1211 1216 1233 1248 1249 1235 1240 1258 1273 1279 1289 1297 1303 1309 1317 1318 1324 1335 1346
590 554 526 533 579 625 669 703 736 768 803 841 880 897 918 947 976 1001 1009 1018 1027 1044 1064 1082 1098 1117 1130 1138 1142 1150 1145 1131 1125 1124 1136 1147 1157 1155 1148 1145 1137 1129 1120 1121 1123 1125 1129 1135 1139 1148 1150 1156 1165 1167 1166 1167 1169 1180 1197 1212 1209 1206 1203 1201 1199 1186 1193 1212 1223 1227 1223 1237 1253 1259 1266 1275 1283 1283 1287 1295 1304 1318 1330 1337
565 530 529 563 605 648 690 724 759 796 832 866 898 931 959 984 1000 1014 1025 1026 1030 1044 1062 1076 1087 1100 1110 1116 1120 1128 1123 1116 1116 1124 1129 1132 1137 1134 1123 1127 1133 1131 1119 1118 1120 1128 1140 1147 1156 1163 1170 1178 1181 1179 1172 1165 1171 1180 1193 1197 1186 1183 1183 1179 1177 1166 1176 1194 1197 1202 1212 1235 1243 1243 1252 1256 1260 1260 1266 1280 1295 1309 1316 1325
538 514 540 579 620 658 690 721 756 793 828 864 894 926 952 970 991 1013 1033 1038 1038 1049 1065 1080 1085 1091 1097 1105 1113 1117 1115 1109 1115 1119 1123 1121 1127 1127 1117 1118 1124 1118 1121 1122 1126 1128 1136 1148 1161 1175 1191 1194 1185 1174 1161 1145 1143 1154 1170 1167 1157 1154 1153 1154 1154 1157 1178 1180 1177 1186 1213 1232 1230 1228 1235 1239 1247 1254 1266 1279 1290 1299 1314 1324
542 512 526 563 603 635 665 697 737 778 818 854 879 903 922 944 966 998 1030 1048 1055 1057 1068 1085 1099 1103 1104 1113 1116 1109 1107 1106 1111 1114 1114 1111 1115 1121 1114 1114 1115 1117 1130 1132 1125 1122 1129 1134 1141 1157 1173 1169 1156 1146 1139 1124 1115 1131 1148 1149 1134 1132 1132 1131 1136 1152 1163 1162 1166 1182 1200 1211 1207 1215 1232 1243 1253 1266 1281 1282 1287 1300 1312 1324
568 521 513 537 570 600 637 675 712 751 796 834 860 882 902 923 952 987 1017 1044 1062 1068 1074 1086 1102 1114 1111 1114 1111 1107 1102 1103 1107 1108 1105 1103 1110 1115 1115 1111 1111 1121 1132 1133 1125 1121 1124 1126 1133 1143 1149 1144 1131 1124 1120 1106 1096 1107 1125 1135 1127 1118 1117 1116 1122 1130 1138 1150 1161 1167 1177 1183 1187 1203 1221 1230 1240 1261 1275 1279 1287 1302 1317 1326
591 544 512 521 550 583 617 657 700 743 790 828 854 871 882 907 937 967 999 1031 1052 1070 1077 1085 1098 1112 1114 1109 1106 1102 1098 1098 1102 1103 1101 1104 1110 1107 1106 1108 1113 1116 1127 1134 1137 1134 1129 1132 1137 1140 1135 1125 1116 1105 1100 1086 1075 1087 1104 1108 1107 1106 1111 1106 1105 1107 1120 1135 1151 1160 1165 1177 1193 1198 1205 1220 1235 1251 1260 1269 1282 1300 1321 1323
605 563 518 509 546 585 623 671 715 760 796 824 839 850 868 890 922 950 985 1012 1037 1055 1065 1075 1088 1107 1107 1098 1101 1098 1095 1097 1096 1097 1098 1101 1104 1102 1107 1118 1119 1121 1128 1135 1142 1144 1139 1138 1145 1150 1138 1115 1101 1090 1078 1072 1061 1067 1076 1081 1085 1089 1096 1095 1098 1108 1121 1144 1171 1181 1181 1187 1201 1212 1217 1221 1232 1245 1259 1272 1281 1296 1316 1315
587 551 514 508 542 584 628 674 720 757 781 798 815 840 854 884 916 946 973 998 1019 1032 1049 1059 1073 1094 1098 1094 1094 1093 1092 1094 1094 1091 1089 1092 1098 1107 1124 1134 1130 1119 1117 1124 1131 1132 1138 1139 1138 1142 1132 1112 1090 1076 1065 1060 1052 1050 1057 1060 1061 1067 1071 1078 1098 1119 1140 1163 1187 1198 1200 1203 1217 1231 1237 1242 1244 1255 1264 1268 1267 1277 1300 1304
579 546 508 517 550 582 623 671 708 735 756 779 804 812 833 858 882 915 945 970 991 1010 1029 1041 1066 1088 1097 1097 1094 1089 1084 1086 1086 1088 1090 1092 1102 1111 1122 1133 1127 1114 1108 1110 1119 1121 1126 1128 1124 1129 1122 1105 1087 1080 1077 1066 1048 1040 1043 1043 1048 1053 1060 1078 1103 1130 1149 1168 1187 1200 1210 1217 1229 1245 1252 1256 1263 1272 1268 1252 1247 1257 1277 1287
572 542 504 520 554 578 609 649 679 704 735 762 774 791 805 814 838 871 900 931 958 990 1023 1057 1091 1101 1104 1095 1086 1083 1083 1082 1084 1085 1087 1095 1099 1104 1111 1121 1123 1112 1106 1108 1114 1113 1112 1118 1116 1118 1114 1102 1087 1083 1087 1074 1055 1046 1036 1038 1047 1065 1092 1106 1113 1127 1142 1158 1167 1179 1191 1201 1213 1228 1235 1249 1261 1269 1264 1248 1234 1236 1250 1259
561 539 508 521 549 574 600 631 659 684 711 726 741 757 772 792 820 858 890 925 961 1010 1049 1083 1102 1105 1101 1091 1087 1081 1079 1082 1084 1085 1088 1091 1094 1099 1105 1113 1114 1113 1103 1103 1108 1105 1105 1110 1106 1103 1098 1095 1088 1085 1095 1087 1068 1054 1038 1036 1056 1082 1109 1110 1097 1098 1116 1136 1140 1143 1156 1175 1189 1199 1213 1231 1248 1253 1256 1251 1237 1222 1223 1234
542 522 506 521 551 574 591 615 642 667 689 699 722 735 759 792 822 857 900 944 989 1039 1077 1092 1098 1101 1099 1097 1090 1082 1080 1085 1085 1084 1087 1089 1090 1092 1094 1099 1099 1099 1098 1100 1103 1101 1102 1104 1103 1102 1103 1101 1098 1100 1105 1096 1080 1055 1034 1031 1038 1062 1084 1086 1081 1072 1086 1103 1107 1109 1123 1145 1161 1176 1196 1215 1225 1231 1239 1240 1233 1216 1210 1209
523 503 498 525 553 573 593 607 628 653 672 686 707 723 752 789 829 883 931 983 1032 1067 1084 1089 1088 1088 1086 1093 1088 1082 1091 1101 1104 1100 1100 1098 1092 1092 1092 1095 1095 1096 1097 1101 1101 1100 1106 1110 1110 1118 1129 1132 1128 1123 1117 1107 1083 1052 1021 1011 1011 1020 1038 1056 1068 1057 1059 1074 1086 1082 1090 1111 1141 1165 1178 1190 1197 1203 1214 1215 1207 1198 1193 1192
501 488 500 523 549 568 584 600 621 643 667 693 721 750 779 815 850 904 964 1019 1065 1074 1071 1073 1070 1070 1076 1084 1078 1077 1090 1095 1097 1093 1093 1092 1093 1094 1094 1095 1101 1108 1112 1112 1108 1108 1118 1124 1122 1125 1136 1143 1148 1138 1132 1119 1093 1056 1019 991 985 988 999 1025 1054 1058 1048 1047 1062 1055 1065 1094 1123 1149 1162 1170 1169 1167 1175 1178 1181 1179 1180 1178
484 500 514 530 547 568 589 614 636 656 682 708 747 790 829 862 892 939 997 1041 1070 1069 1056 1053 1044 1045 1061 1065 1063 1063 1076 1086 1091 1084 1087 1089 1096 1101 1100 1097 1102 1107 1118 1121 1117 1118 1123 1136 1140 1144 1145 1146 1153 1142 1130 1119 1094 1064 1030 994 973 966 975 1000 1033 1054 1040 1027 1032 1028 1043 1067 1098 1121 1136 1144 1137 1121 1117 1127 1138 1144 1148 1155
490 514 535 547 559 585 608 627 650 673 708 733 774 819 873 921 954 988 1024 1053 1061 1058 1047 1037 1029 1031 1040 1048 1048 1051 1065 1073 1077 1078 1086 1091 1098 1101 1103 1103 1104 1111 1122 1129 1128 1122 1125 1136 1142 1147 1148 1144 1143 1133 1119 1107 1086 1061 1033 999 974 965 965 983 1013 1040 1028 1008 1001 999 1023 1051 1069 1083 1107 1104 1092 1085 1067 1079 1090 1095 1107 1125
514 534 551 569 576 605 641 670 691 708 748 788 823 858 894 942 993 1032 1044 1046 1045 1042 1037 1031 1024 1026 1030 1035 1043 1050 1056 1062 1070 1074 1082 1086 1089 1091 1094 1095 1101 1114 1124 1134 1130 1121 1121 1122 1127 1135 1143 1139 1133 1122 1099 1081 1065 1045 1024 1004 988 974 959 965 996 1017 1012 990 977 986 1015 1031 1035 1042 1061 1057 1038 1026 1021 1032 1045 1051 1063 1078
536 545 566 586 601 613 643 673 713 742 776 821 866 912 944 982 1016 1038 1035 1029 1027 1023 1020 1018 1022 1026 1036 1040 1047 1047 1048 1054 1066 1072 1075 1074 1076 1079 1078 1078 1090 1105 1119 1132 1130 1119 1109 1106 1109 1119 1127 1135 1130 1111 1080 1056 1043 1030 1014 1003 989 972 956 954 976 993 986 978 962 969 988 999 996 1004 1011 1010 990 981 980 996 1017 1034 1052 1069
555 569 585 608 635 664 676 695 725 773 815 852 893 944 992 1026 1035 1032 1020 1017 1014 1012 1010 1011 1019 1030 1041 1049 1053 1051 1052 1063 1073 1077 1075 1068 1063 1067 1071 1062 1071 1083 1098 1114 1120 1112 1104 1094 1090 1094 1110 1126 1126 1105 1073 1048 1032 1024 1007 989 977 964 949 945 959 970 960 953 944 945 949 957 963 965 966 970 968 978 998 1028 1058 1079 1094 1106
581 609 626 638 662 700 732 743 753 784 835 882 924 967 1003 1023 1023 1021 1013 1013 1011 1009 1007 1009 1013 1029 1043 1052 1056 1058 1063 1067 1070 1070 1073 1063 1050 1049 1052 1036 1041 1055 1063 1084 1107 1101 1089 1079 1072 1069 1081 1098 1103 1087 1063 1043 1022 1011 1002 989 978 965 954 942 940 949 940 934 936 940 942 944 949 951 953 963 975 998 1031 1068 1098 1126 1143 1153
618 636 665 679 704 728 766 789 808 820 851 897 946 990 1009 1010 1009 1010 1005 1004 1004 1007 1009 1016 1018 1022 1033 1046 1053 1056 1062 1063 1058 1052 1051 1041 1026 1013 1011 1003 1000 1007 1022 1051 1078 1080 1063 1053 1051 1044 1050 1059 1062 1054 1042 1035 1016 996 984 983 984 975 961 948 935 933 934 937 951 960 960 957 959 964 966 976 991 1012 1040 1080 1118 1156 1184 1201
666 671 699 731 752 775 805 838 867 891 915 941 975 996 1003 1004 997 994 995 1000 1005 1009 1014 1022 1027 1027 1031 1040 1044 1049 1058 1061 1047 1031 1022 1008 989 973 968 968 961 969 986 1012 1040 1051 1035 1020 1026 1024 1015 1019 1014 1011 1017 1025 1019 1006 987 973 966 960 951 942 933 930 943 952 967 983 1000 1008 1009 1008 1004 1001 1016 1040 1056 1080 1115 1164 1198 1230
723 731 742 772 804 846 870 902 934 956 973 990 996 992 990 993 989 987 994 1002 1012 1018 1019 1026 1035 1041 1037 1038 1035 1045 1051 1051 1031 1003 986 972 962 944 936 936 938 947 962 981 994 1009 1003 997 998 997 981 980 978 980 997 1012 1015 1010 993 974 959 952 943 933 927 931 945 954 971 996 1025 1047 1057 1062 1056 1034 1040 1069 1095 1105 1134 1177 1218 1252
788 794 798 818 849 892 921 943 953 961 970 976 977 975 985 994 993 986 989 1002 1013 1023 1029 1036 1053 1054 1043 1035 1020 1021 1032 1036 1020 982 954 941 936 927 921 919 924 932 941 947 958 968 967 976 983 976 962 957 956 963 980 996 1002 1004 990 973 957 945 939 931 932 940 947 952 966 993 1016 1036 1057 1080 1084 1065 1063 1087 1120 1151 1181 1209 1248 1274
849 861 866 885 899 917 928 934 933 938 948 948 958 977 998 1007 1003 990 987 999 1011 1022 1031 1045 1060 1065 1048 1034 1013 998 1005 1014 1003 975 941 922 918 916 914 914 918 923 928 929 933 937 942 958 969 965 950 944 943 947 959 969 978 975 966 960 951 943 941 931 936 942 949 954 961 974 987 1001 1025 1058 1082 1093 1098 1106 1131 1166 1200 1233 1262 1285
837 845 869 892 911 923 924 922 923 928 937 944 960 974 988 1003 1006 997 992 1002 1013 1022 1032 1041 1057 1063 1056 1045 1023 988 969 974 976 963 936 917 911 911 910 912 914 916 919 920 922 921 924 937 950 956 944 935 937 938 939 945 947 943 938 939 941 944 944 937 937 943 950 959 963 966 975 991 1015 1035 1052 1070 1084 1104 1128 1162 1192 1228 1259 1289
791 828 865 896 924 939 937 933 923 924 932 941 952 961 975 989 993 997 1003 1019 1028 1030 1031 1036 1047 1050 1038 1031 1016 984 951 943 944 942 933 916 908 909 908 906 912 914 917 918 921 918 917 924 932 938 933 932 937 934 930 928 925 926 927 931 944 943 939 938 941 948 958 968 975 975 982 989 1002 1015 1031 1055 1077 1101 1125 1149 1173 1210 1250 1283
