notebooks/landlab-terrainbento/coupled_process_elements/DEMData/SRTMGL3_37.738884_-120.168457_38.091337_-119.465576.tif
ncols        843
nrows        423
xllcorner    -120.168750000014
yllcorner    37.739583333338
cellsize     0.000833333333
NODATA_value 0
[rows 114 to 151 of 423, columns 420 to 503 of 843]
1698 1733 1762 1802 1834 1871 1912 1934 1953 1969 1988 2004 2013 2021 2027 2028 2035 2054 2065 2063 2054 2035 2019 2005 1997 1995 1995 1995 1995 1995 1997 1999 2005 2012 2022 2031 2033 2033 2021 2001 1987 1983 1994 2009 2013 2013 2013 2010 2007 2006 2013 2015 2020 2021 2028 2032 2046 2061 2080 2087 2096 2108 2117 2115 2114 2121 2133 2141 2143 2138 2128 2112 2085 2050 2018 1992 1972 1955 1944 1925 1906 1892 1898 1902
1725 1754 1787 1819 1850 1884 1915 1942 1960 1981 2007 2016 2021 2020 2019 2025 2041 2068 2082 2076 2055 2031 2016 2003 2002 1997 1997 1998 2000 2002 2001 1996 2004 2014 2022 2028 2027 2016 1992 1969 1975 1990 2013 2033 2033 2030 2019 2010 2008 2016 2019 2023 2026 2031 2038 2045 2054 2066 2081 2088 2107 2125 2141 2146 2139 2140 2151 2155 2151 2141 2126 2101 2072 2036 2008 1985 1965 1942 1933 1923 1903 1892 1897 1898
1758 1779 1805 1838 1864 1898 1926 1952 1976 2002 2023 2028 2025 2018 2018 2025 2038 2067 2082 2077 2056 2035 2015 2004 2005 2005 2005 2005 2003 2001 2000 1999 2004 2013 2019 2011 1999 1985 1972 1970 1991 2005 2023 2036 2033 2029 2024 2024 2035 2039 2043 2046 2053 2051 2049 2055 2067 2074 2080 2091 2100 2123 2142 2148 2154 2159 2166 2161 2145 2134 2111 2089 2057 2020 1986 1968 1948 1924 1913 1903 1895 1890 1896 1896
1767 1791 1827 1861 1888 1917 1943 1965 1994 2017 2028 2020 2010 2004 2008 2024 2045 2072 2082 2071 2048 2029 2008 2002 2005 2005 2004 2004 2004 1999 1995 1996 2002 2007 1999 1982 1970 1963 1969 1982 1993 2010 2016 2015 2015 2018 2021 2032 2045 2054 2057 2060 2062 2064 2066 2069 2082 2087 2086 2094 2105 2123 2132 2152 2161 2167 2168 2165 2149 2131 2108 2082 2047 2009 1971 1947 1929 1910 1902 1901 1898 1894 1894 1893
1798 1826 1853 1883 1911 1927 1951 1975 1998 2016 2012 2000 1994 1989 1999 2029 2053 2074 2073 2055 2034 2016 1997 1997 1997 2001 2001 2005 2003 1995 1989 1989 1992 1994 1981 1965 1957 1968 1975 1982 1993 2004 2007 2008 2010 2013 2016 2026 2039 2051 2050 2054 2055 2069 2079 2088 2096 2097 2101 2110 2122 2139 2159 2174 2184 2192 2189 2175 2157 2137 2119 2092 2057 2017 1974 1946 1931 1917 1908 1900 1895 1891 1887 1891
1832 1853 1872 1904 1924 1939 1961 1979 1991 2000 1992 1984 1976 1968 1987 2026 2047 2057 2054 2041 2019 1999 1996 1995 1995 1995 1999 1999 1993 1990 1982 1976 1977 1981 1974 1961 1956 1967 1972 1975 1987 2000 2002 2005 2008 2010 2010 2017 2023 2027 2031 2041 2050 2075 2083 2089 2097 2109 2131 2139 2153 2172 2185 2191 2204 2201 2194 2178 2152 2135 2114 2095 2062 2028 1983 1941 1925 1918 1910 1903 1897 1890 1887 1894
1849 1873 1892 1917 1938 1956 1968 1975 1977 1979 1973 1969 1961 1957 1974 1999 2021 2033 2032 2018 2005 1995 1993 1994 1996 1997 1995 1993 1991 1989 1979 1971 1968 1967 1960 1951 1951 1967 1970 1976 1988 1995 2004 2005 2007 2009 2009 2010 2013 2023 2026 2043 2056 2064 2069 2081 2095 2118 2151 2173 2185 2196 2203 2209 2207 2198 2185 2168 2156 2138 2102 2079 2045 2023 1989 1948 1924 1915 1910 1903 1892 1882 1891 1908
1841 1874 1901 1921 1942 1952 1955 1959 1966 1960 1954 1953 1955 1964 1975 1986 2003 2015 2015 2011 2003 2000 1992 1992 1997 2005 2005 2000 1990 1982 1973 1967 1955 1949 1950 1958 1966 1978 1979 1986 1994 1999 2004 2008 2009 2008 2007 2006 2015 2026 2029 2036 2039 2047 2067 2085 2105 2127 2153 2176 2192 2206 2212 2219 2214 2192 2170 2160 2148 2122 2085 2063 2041 2020 1986 1947 1922 1910 1899 1885 1874 1876 1898 1920
1819 1859 1886 1905 1921 1931 1935 1941 1947 1945 1945 1941 1947 1961 1973 1987 1995 2003 2005 2008 2006 2002 1997 2002 2009 2012 2007 1997 1986 1978 1968 1965 1956 1945 1952 1965 1970 1976 1982 1995 2006 2013 2017 2018 2017 2017 2016 2019 2017 2025 2025 2037 2042 2060 2076 2087 2100 2117 2145 2165 2185 2194 2211 2215 2208 2183 2155 2146 2138 2111 2071 2047 2038 2021 1988 1950 1921 1899 1882 1869 1860 1874 1902 1920
1802 1827 1848 1871 1890 1905 1917 1927 1930 1928 1928 1934 1941 1953 1966 1979 1993 2000 2000 1998 2002 2005 2010 2015 2017 2012 2000 1990 1982 1974 1965 1955 1947 1944 1954 1963 1967 1979 1992 2000 2009 2016 2023 2027 2024 2022 2026 2034 2032 2031 2033 2036 2054 2072 2082 2093 2106 2120 2144 2157 2170 2180 2198 2201 2187 2160 2134 2132 2117 2091 2061 2038 2029 2027 2011 1967 1929 1898 1882 1860 1848 1867 1889 1925
1776 1796 1815 1839 1863 1880 1895 1906 1916 1922 1924 1931 1940 1950 1964 1984 1999 2001 1995 1994 2000 2010 2022 2027 2024 2014 2002 1994 1983 1972 1968 1957 1945 1947 1958 1961 1967 1975 1987 1998 2002 2006 2018 2021 2021 2020 2021 2026 2033 2036 2038 2046 2060 2074 2094 2106 2125 2137 2148 2157 2165 2176 2180 2180 2160 2139 2120 2103 2084 2060 2045 2027 2022 2023 2027 2000 1962 1923 1883 1852 1839 1856 1895 1953
1767 1782 1798 1817 1835 1855 1868 1885 1901 1914 1922 1929 1941 1953 1968 1984 1993 1990 1985 1987 2004 2017 2026 2029 2024 2012 1998 1990 1975 1964 1956 1950 1936 1938 1949 1958 1966 1973 1985 1992 1999 2005 2007 2011 2016 2013 2011 2017 2025 2030 2034 2050 2063 2076 2097 2117 2130 2140 2146 2151 2149 2154 2159 2154 2137 2118 2101 2075 2059 2045 2028 2013 2013 2016 2009 1989 1969 1935 1882 1843 1835 1846 1892 1934
1774 1785 1792 1802 1818 1832 1845 1863 1885 1907 1926 1935 1942 1951 1966 1980 1982 1976 1971 1978 1992 2005 2014 2013 2009 2003 1988 1978 1968 1953 1939 1938 1934 1935 1944 1950 1955 1964 1971 1983 1992 2000 1999 2002 2006 2008 2011 2014 2013 2020 2029 2040 2056 2071 2085 2095 2114 2124 2127 2123 2120 2122 2124 2119 2095 2073 2054 2038 2024 2018 2003 1999 2001 1994 1979 1966 1949 1931 1898 1854 1837 1838 1869 1908
1771 1780 1784 1793 1800 1815 1829 1853 1878 1904 1926 1943 1949 1954 1962 1968 1964 1960 1957 1958 1973 1983 1987 1986 1983 1976 1970 1969 1958 1942 1928 1929 1929 1929 1935 1939 1944 1955 1965 1978 1987 1997 1996 1997 2001 2004 2003 2006 2002 2004 2015 2027 2036 2044 2055 2066 2079 2085 2089 2084 2088 2086 2087 2077 2053 2028 2009 1995 1976 1969 1958 1952 1960 1954 1947 1938 1928 1914 1896 1852 1824 1836 1867 1900
1766 1774 1781 1786 1794 1808 1830 1853 1879 1905 1923 1937 1940 1946 1949 1943 1938 1936 1937 1938 1947 1951 1950 1956 1957 1956 1956 1958 1950 1934 1919 1916 1920 1925 1928 1931 1941 1951 1960 1970 1978 1987 1991 1997 1998 1997 1998 1997 1997 1993 1998 2006 2013 2025 2031 2040 2047 2052 2056 2053 2053 2063 2068 2055 2018 1997 1979 1956 1935 1924 1913 1902 1906 1908 1902 1899 1895 1889 1867 1838 1808 1826 1863 1882
1759 1766 1775 1785 1791 1797 1815 1839 1866 1882 1896 1906 1905 1903 1907 1912 1913 1914 1921 1926 1927 1932 1933 1938 1940 1938 1939 1938 1931 1917 1909 1909 1917 1922 1925 1926 1931 1940 1947 1954 1961 1970 1978 1986 1990 1994 1991 1991 1992 1998 1999 2001 2006 2013 2019 2025 2035 2039 2040 2043 2044 2052 2053 2031 1995 1977 1956 1930 1915 1896 1882 1867 1861 1857 1848 1844 1841 1843 1828 1802 1783 1804 1838 1852
1773 1778 1789 1803 1817 1825 1825 1828 1840 1839 1850 1860 1858 1858 1865 1880 1894 1901 1905 1912 1918 1917 1916 1920 1920 1921 1920 1918 1915 1913 1914 1917 1920 1920 1917 1919 1925 1930 1930 1933 1940 1949 1958 1969 1982 1984 1981 1987 1997 2000 2008 2009 2008 2009 2015 2024 2027 2032 2038 2039 2037 2042 2030 2002 1981 1962 1939 1912 1893 1880 1866 1841 1819 1809 1793 1788 1787 1789 1777 1764 1759 1778 1797 1809
1785 1796 1806 1823 1845 1854 1854 1858 1863 1867 1870 1872 1869 1868 1865 1865 1866 1877 1889 1898 1907 1908 1901 1900 1905 1914 1914 1916 1913 1912 1909 1910 1910 1913 1918 1918 1917 1919 1916 1919 1926 1936 1950 1966 1970 1972 1969 1983 1996 2000 2001 1999 2001 2011 2018 2025 2027 2029 2030 2033 2031 2024 2010 1988 1976 1957 1939 1915 1892 1877 1852 1827 1805 1781 1764 1760 1756 1748 1743 1738 1738 1752 1755 1762
1792 1805 1814 1826 1839 1848 1859 1866 1870 1882 1892 1900 1900 1899 1901 1900 1891 1885 1879 1885 1887 1886 1885 1881 1889 1900 1902 1901 1906 1907 1902 1912 1919 1923 1926 1925 1923 1915 1918 1918 1923 1935 1942 1947 1954 1953 1960 1975 1989 1995 1995 2006 2014 2022 2030 2039 2043 2046 2041 2039 2032 2022 2012 2000 1985 1968 1956 1939 1916 1894 1869 1840 1813 1783 1761 1757 1756 1747 1750 1748 1742 1756 1757 1752
1785 1794 1803 1816 1820 1833 1845 1851 1863 1872 1882 1888 1893 1910 1916 1921 1916 1910 1912 1912 1913 1908 1916 1921 1923 1925 1926 1926 1923 1920 1918 1927 1938 1937 1937 1931 1926 1917 1918 1918 1922 1928 1932 1932 1936 1936 1948 1962 1974 1979 1991 2010 2021 2030 2039 2044 2052 2061 2054 2036 2017 2006 1992 1979 1968 1958 1945 1929 1918 1909 1888 1856 1822 1791 1770 1759 1756 1760 1755 1751 1750 1753 1758 1764
1773 1780 1785 1800 1806 1812 1826 1838 1848 1855 1864 1872 1885 1898 1915 1922 1924 1931 1940 1948 1952 1954 1964 1968 1976 1976 1972 1968 1961 1950 1947 1945 1947 1941 1936 1926 1920 1917 1916 1915 1917 1919 1922 1923 1924 1933 1941 1954 1965 1974 1987 2003 2015 2019 2030 2038 2051 2049 2038 2021 1995 1979 1969 1957 1944 1932 1913 1902 1896 1884 1865 1851 1834 1815 1796 1771 1756 1759 1756 1741 1739 1751 1753 1753
1750 1755 1766 1777 1788 1794 1811 1819 1826 1835 1846 1860 1873 1886 1905 1917 1927 1941 1953 1961 1973 1983 1998 2016 2024 2026 2024 2023 1997 1980 1965 1953 1944 1932 1920 1908 1900 1895 1898 1902 1904 1904 1906 1908 1909 1916 1926 1932 1940 1957 1976 1988 1999 2007 2021 2022 2024 2025 2008 1980 1957 1942 1936 1937 1929 1909 1889 1878 1868 1858 1843 1831 1827 1820 1799 1776 1756 1751 1756 1748 1739 1746 1746 1749
1736 1738 1747 1755 1761 1766 1778 1790 1797 1811 1822 1840 1854 1867 1876 1896 1914 1931 1941 1954 1968 1979 1995 2007 2021 2029 2029 2020 2004 1990 1971 1956 1937 1914 1891 1883 1879 1868 1869 1879 1883 1880 1887 1895 1896 1897 1900 1909 1923 1933 1942 1952 1963 1971 1980 1981 1988 1985 1966 1938 1921 1914 1915 1911 1904 1888 1869 1854 1845 1834 1823 1813 1812 1795 1778 1768 1762 1759 1753 1744 1736 1732 1738 1753
1723 1724 1727 1733 1739 1747 1752 1763 1774 1786 1802 1822 1831 1846 1860 1875 1893 1911 1924 1930 1942 1953 1967 1976 1985 1996 1995 1994 1987 1978 1967 1947 1922 1889 1870 1866 1867 1857 1855 1864 1867 1868 1865 1865 1868 1878 1883 1887 1892 1908 1911 1913 1922 1929 1932 1930 1931 1929 1925 1907 1897 1888 1881 1872 1866 1851 1836 1827 1818 1813 1805 1797 1789 1779 1770 1761 1754 1755 1750 1738 1725 1715 1716 1733
1718 1717 1715 1721 1725 1729 1732 1740 1748 1760 1778 1800 1815 1824 1835 1848 1865 1877 1889 1897 1904 1915 1922 1932 1945 1956 1962 1964 1957 1950 1941 1917 1893 1867 1855 1859 1858 1854 1848 1847 1851 1851 1851 1852 1854 1861 1871 1869 1872 1878 1881 1890 1898 1900 1903 1895 1891 1889 1888 1883 1875 1865 1849 1834 1827 1813 1799 1792 1790 1784 1778 1772 1768 1768 1759 1749 1742 1743 1735 1724 1712 1709 1719 1725
1713 1707 1710 1713 1717 1719 1724 1729 1731 1738 1751 1767 1781 1791 1799 1814 1827 1833 1845 1851 1859 1869 1880 1888 1905 1918 1918 1917 1914 1913 1905 1887 1869 1852 1845 1854 1851 1844 1837 1831 1835 1839 1837 1839 1846 1851 1855 1854 1858 1867 1876 1883 1890 1894 1881 1863 1860 1857 1853 1852 1842 1828 1816 1805 1797 1785 1778 1769 1760 1754 1752 1749 1752 1752 1744 1736 1726 1721 1722 1720 1718 1721 1731 1737
1698 1704 1712 1714 1719 1721 1724 1725 1728 1729 1735 1742 1749 1762 1768 1777 1789 1798 1804 1809 1817 1824 1834 1842 1857 1872 1873 1871 1869 1868 1864 1853 1840 1832 1835 1847 1840 1834 1828 1818 1818 1820 1816 1822 1822 1828 1835 1837 1844 1860 1875 1878 1875 1868 1856 1839 1822 1814 1813 1809 1803 1794 1790 1785 1777 1770 1758 1740 1719 1711 1717 1722 1730 1731 1728 1719 1712 1707 1713 1726 1742 1750 1756 1762
1700 1705 1710 1719 1722 1723 1723 1722 1725 1729 1734 1731 1734 1740 1745 1754 1766 1774 1779 1783 1789 1792 1794 1799 1807 1822 1835 1830 1829 1830 1826 1816 1812 1813 1825 1835 1830 1822 1811 1797 1794 1798 1799 1801 1803 1806 1815 1815 1827 1847 1857 1861 1855 1845 1825 1809 1792 1776 1774 1770 1770 1771 1771 1765 1756 1746 1727 1707 1690 1681 1677 1678 1690 1697 1699 1699 1705 1723 1741 1758 1778 1785 1783 1786
1704 1703 1707 1713 1713 1715 1715 1712 1715 1716 1720 1724 1726 1727 1737 1746 1750 1756 1762 1771 1779 1781 1779 1783 1784 1789 1795 1795 1799 1802 1797 1791 1796 1796 1809 1823 1818 1809 1796 1780 1775 1774 1774 1779 1785 1788 1789 1797 1804 1817 1828 1835 1832 1817 1798 1781 1750 1738 1730 1730 1733 1739 1738 1735 1723 1709 1691 1673 1664 1662 1659 1656 1662 1678 1693 1710 1741 1765 1782 1788 1807 1823 1829 1832
1685 1691 1697 1698 1706 1709 1708 1698 1701 1705 1711 1717 1722 1723 1729 1740 1743 1745 1750 1760 1765 1769 1766 1775 1779 1777 1773 1772 1777 1779 1774 1768 1771 1779 1788 1799 1802 1801 1788 1769 1759 1759 1755 1758 1769 1773 1771 1773 1778 1790 1803 1804 1794 1775 1752 1733 1716 1707 1695 1692 1694 1705 1703 1693 1681 1665 1655 1650 1645 1649 1653 1659 1677 1700 1732 1752 1776 1796 1803 1810 1830 1841 1847 1851
1649 1656 1665 1671 1684 1692 1689 1685 1688 1695 1704 1713 1715 1718 1720 1726 1731 1735 1735 1740 1742 1745 1755 1761 1761 1762 1758 1761 1755 1748 1748 1747 1749 1755 1763 1775 1779 1781 1772 1759 1746 1741 1732 1729 1738 1743 1747 1751 1758 1765 1770 1763 1741 1723 1706 1695 1682 1678 1669 1665 1666 1669 1665 1659 1648 1640 1635 1638 1637 1643 1658 1676 1704 1725 1756 1780 1790 1810 1821 1822 1826 1839 1843 1853
1629 1629 1639 1648 1663 1672 1677 1683 1690 1697 1701 1707 1708 1711 1713 1716 1723 1728 1731 1730 1728 1729 1734 1745 1746 1749 1748 1744 1739 1731 1723 1723 1717 1718 1732 1745 1753 1751 1746 1739 1732 1724 1715 1705 1704 1708 1719 1726 1732 1732 1729 1718 1696 1685 1678 1666 1662 1656 1651 1646 1645 1640 1638 1635 1634 1635 1633 1636 1640 1653 1670 1695 1712 1732 1780 1790 1805 1823 1841 1841 1837 1843 1847 1850
1620 1620 1623 1631 1642 1652 1664 1675 1685 1691 1698 1701 1701 1704 1704 1710 1718 1725 1726 1722 1720 1719 1719 1724 1729 1738 1736 1727 1723 1712 1698 1689 1686 1686 1696 1706 1720 1723 1724 1721 1713 1705 1698 1691 1685 1687 1696 1696 1700 1697 1689 1681 1672 1666 1658 1653 1648 1640 1633 1634 1630 1628 1627 1629 1630 1628 1639 1642 1643 1662 1685 1719 1746 1765 1787 1804 1816 1830 1845 1853 1858 1856 1855 1859
1617 1617 1614 1615 1624 1640 1651 1660 1667 1674 1688 1692 1691 1690 1688 1690 1694 1704 1708 1706 1708 1706 1710 1717 1718 1720 1719 1714 1711 1698 1683 1670 1667 1671 1677 1686 1700 1710 1713 1714 1702 1691 1684 1676 1671 1675 1678 1681 1680 1674 1666 1662 1656 1648 1642 1640 1632 1625 1620 1618 1620 1625 1625 1623 1624 1625 1633 1642 1649 1664 1695 1730 1767 1775 1797 1822 1841 1851 1860 1863 1864 1859 1861 1860
1605 1606 1607 1606 1613 1623 1632 1641 1646 1655 1664 1669 1665 1660 1658 1659 1662 1674 1685 1693 1700 1698 1693 1699 1707 1710 1707 1703 1701 1695 1680 1668 1664 1665 1668 1671 1681 1689 1693 1699 1688 1675 1671 1667 1667 1670 1672 1670 1662 1656 1651 1641 1631 1627 1628 1630 1626 1618 1615 1615 1617 1625 1627 1618 1616 1622 1635 1645 1657 1674 1699 1742 1769 1778 1795 1832 1855 1863 1865 1865 1862 1860 1860 1862
1601 1602 1603 1600 1605 1604 1611 1616 1622 1631 1637 1639 1635 1632 1629 1631 1635 1648 1661 1670 1672 1675 1674 1669 1672 1684 1690 1692 1695 1692 1675 1670 1664 1658 1659 1662 1670 1672 1676 1680 1675 1667 1660 1653 1652 1658 1663 1659 1652 1643 1638 1626 1612 1612 1612 1614 1616 1615 1615 1625 1635 1638 1637 1620 1603 1619 1631 1645 1654 1672 1701 1748 1769 1777 1801 1830 1853 1861 1866 1865 1864 1861 1860 1859
1592 1595 1595 1598 1605 1601 1604 1603 1610 1615 1622 1621 1619 1618 1612 1612 1616 1621 1635 1645 1646 1642 1645 1644 1643 1654 1674 1686 1685 1687 1678 1667 1658 1655 1648 1653 1661 1664 1665 1659 1653 1652 1646 1635 1636 1648 1654 1647 1633 1626 1616 1612 1605 1601 1601 1602 1615 1627 1635 1641 1646 1648 1619 1551 1537 1557 1599 1626 1644 1661 1681 1716 1746 1765 1804 1828 1847 1860 1865 1863 1864 1861 1862 1860
1603 1614 1605 1608 1606 1600 1600 1605 1608 1611 1611 1615 1614 1611 1608 1612 1615 1611 1615 1627 1632 1633 1631 1628 1623 1629 1640 1652 1663 1668 1672 1670 1658 1652 1648 1641 1643 1644 1642 1635 1633 1627 1622 1613 1607 1615 1615 1610 1606 1601 1587 1589 1591 1591 1587 1601 1618 1636 1649 1658 1661 1657 1588 1466 1463 1476 1527 1572 1599 1627 1646 1662 1694 1738 1782 1824 1857 1868 1869 1870 1865 1862 1862 1868
