notebooks/landlab-terrainbento/coupled_process_elements/DEMData/SRTMGL1_40.015_-105.33_40.065_-105.28.tif
ncols        180
nrows        180
xllcorner    -105.330138888879
yllcorner    40.015138888886
cellsize     0.000277777778
NODATA_value -32768
[rows 76 to 113 of 180, columns 84 to 167 of 180]
1943 1939 1932 1923 1919 1916 1908 1901 1900 1890 1879 1867 1857 1845 1834 1824 1818 1813 1809 1802 1797 1789 1785 1783 1788 1793 1802 1805 1805 1804 1800 1793 1783 1774 1765 1759 1755 1752 1751 1749 1746 1743 1738 1732 1729 1730 1728 1726 1725 1725 1725 1724 1723 1723 1724 1725 1726 1726 1725 1723 1724 1723 1722 1721 1719 1717 1717 1716 1715 1714 1713 1712 1712 1710 1709 1709 1708 1707 1706 1703 1702 1703 1703 1702
1958 1953 1944 1933 1924 1921 1917 1910 1906 1900 1885 1869 1855 1845 1834 1825 1816 1811 1806 1802 1798 1791 1780 1777 1778 1782 1787 1790 1791 1792 1790 1786 1777 1767 1759 1753 1750 1749 1748 1747 1743 1740 1738 1734 1729 1730 1730 1728 1727 1726 1725 1724 1724 1724 1723 1723 1721 1720 1719 1719 1719 1720 1718 1718 1717 1717 1717 1716 1714 1713 1712 1712 1711 1711 1710 1709 1707 1707 1706 1705 1704 1704 1704 1702
1968 1962 1948 1930 1919 1917 1913 1907 1902 1895 1879 1859 1849 1840 1830 1821 1813 1807 1803 1800 1796 1789 1781 1777 1778 1776 1775 1779 1782 1782 1780 1775 1767 1759 1752 1748 1746 1747 1747 1744 1740 1737 1733 1732 1732 1729 1728 1727 1726 1726 1725 1724 1724 1723 1722 1721 1720 1718 1715 1713 1713 1713 1714 1715 1716 1715 1715 1713 1711 1710 1711 1713 1713 1712 1713 1712 1710 1707 1706 1704 1704 1704 1702 1701
1970 1961 1944 1922 1910 1907 1903 1896 1893 1886 1873 1856 1842 1833 1824 1817 1810 1804 1801 1799 1795 1791 1787 1783 1779 1776 1770 1770 1772 1772 1768 1762 1757 1753 1750 1746 1746 1746 1745 1742 1739 1735 1731 1729 1730 1728 1726 1723 1724 1724 1723 1722 1720 1719 1718 1718 1718 1715 1712 1707 1707 1708 1710 1713 1713 1713 1713 1712 1709 1709 1711 1715 1715 1715 1715 1713 1710 1706 1705 1705 1705 1704 1702 1700
1966 1959 1941 1917 1903 1895 1887 1882 1881 1876 1865 1847 1835 1829 1821 1814 1811 1806 1804 1803 1800 1797 1793 1786 1781 1775 1769 1765 1767 1766 1762 1757 1753 1751 1751 1749 1747 1746 1746 1744 1742 1737 1732 1730 1730 1728 1724 1720 1721 1722 1721 1719 1718 1717 1715 1715 1714 1711 1707 1705 1705 1707 1708 1709 1708 1709 1711 1711 1710 1708 1711 1713 1715 1714 1713 1711 1709 1707 1706 1706 1706 1703 1701 1699
1958 1951 1936 1918 1902 1886 1875 1868 1865 1860 1851 1841 1830 1827 1823 1819 1817 1815 1812 1806 1804 1800 1795 1787 1781 1776 1770 1769 1768 1765 1761 1758 1755 1754 1755 1754 1753 1753 1751 1748 1746 1742 1735 1731 1729 1726 1722 1720 1720 1721 1720 1719 1718 1716 1714 1713 1711 1709 1707 1706 1707 1707 1706 1706 1705 1704 1704 1705 1702 1701 1703 1705 1705 1707 1707 1708 1708 1706 1705 1703 1702 1701 1698 1697
1945 1937 1926 1916 1901 1883 1873 1863 1853 1849 1846 1840 1837 1833 1834 1832 1829 1824 1820 1816 1810 1806 1798 1790 1784 1778 1775 1776 1777 1773 1769 1770 1765 1763 1763 1765 1766 1763 1757 1751 1747 1743 1735 1730 1727 1724 1721 1720 1720 1718 1717 1717 1716 1715 1713 1711 1711 1709 1708 1708 1707 1707 1706 1706 1705 1701 1700 1698 1695 1692 1694 1695 1697 1699 1701 1702 1704 1704 1700 1698 1696 1698 1698 1697
1927 1921 1913 1906 1896 1886 1871 1860 1854 1850 1855 1855 1853 1851 1847 1847 1843 1836 1827 1824 1817 1810 1803 1792 1784 1781 1783 1787 1793 1792 1793 1788 1782 1774 1771 1773 1776 1773 1765 1753 1747 1741 1732 1726 1724 1721 1717 1717 1716 1716 1716 1715 1714 1712 1710 1711 1711 1710 1709 1708 1706 1705 1706 1706 1705 1701 1698 1696 1693 1691 1692 1694 1694 1694 1696 1696 1698 1698 1696 1692 1690 1690 1693 1693
1913 1908 1901 1895 1888 1879 1869 1863 1863 1871 1873 1875 1879 1872 1860 1858 1854 1846 1834 1823 1815 1809 1800 1791 1787 1787 1789 1794 1803 1810 1811 1809 1799 1789 1782 1779 1779 1775 1764 1753 1746 1738 1730 1727 1726 1722 1718 1715 1716 1716 1715 1712 1710 1708 1708 1710 1711 1709 1707 1705 1703 1703 1703 1703 1702 1700 1698 1695 1692 1690 1691 1692 1692 1691 1691 1693 1693 1691 1691 1689 1686 1685 1685 1687
1910 1900 1892 1889 1879 1874 1871 1879 1887 1893 1900 1901 1902 1892 1877 1867 1861 1849 1836 1821 1811 1804 1797 1793 1793 1794 1796 1802 1811 1819 1823 1821 1812 1806 1794 1786 1782 1777 1768 1760 1750 1742 1736 1731 1729 1724 1718 1717 1718 1717 1713 1708 1705 1704 1705 1706 1708 1707 1705 1704 1703 1701 1700 1700 1699 1699 1699 1697 1695 1693 1691 1691 1691 1691 1688 1687 1687 1688 1687 1687 1684 1683 1684 1685
1919 1908 1905 1898 1895 1890 1891 1897 1903 1908 1917 1918 1914 1905 1889 1874 1860 1846 1831 1824 1813 1804 1799 1795 1793 1795 1799 1808 1818 1825 1832 1831 1822 1817 1806 1796 1786 1780 1773 1764 1752 1744 1739 1734 1728 1719 1717 1717 1718 1716 1711 1705 1703 1702 1703 1706 1708 1707 1706 1705 1705 1702 1700 1700 1699 1699 1699 1698 1696 1694 1691 1690 1691 1690 1688 1687 1685 1686 1686 1686 1683 1681 1682 1683
1936 1928 1925 1921 1913 1905 1907 1911 1919 1923 1927 1926 1921 1908 1895 1876 1857 1843 1834 1825 1816 1807 1802 1799 1797 1801 1805 1813 1824 1839 1841 1841 1837 1825 1821 1809 1796 1787 1778 1767 1756 1747 1741 1736 1727 1720 1717 1716 1715 1714 1710 1706 1703 1703 1704 1707 1708 1707 1706 1706 1704 1702 1699 1700 1699 1698 1697 1694 1692 1690 1690 1690 1689 1689 1689 1688 1685 1683 1683 1682 1682 1681 1680 1680
1953 1944 1937 1930 1923 1920 1927 1938 1944 1946 1947 1940 1929 1909 1892 1874 1856 1847 1839 1830 1820 1811 1806 1805 1804 1807 1811 1818 1831 1844 1850 1850 1841 1835 1827 1818 1806 1795 1785 1774 1762 1754 1745 1737 1729 1720 1715 1711 1709 1709 1707 1705 1704 1703 1704 1704 1705 1704 1704 1702 1701 1699 1698 1698 1698 1696 1694 1689 1687 1687 1688 1689 1689 1687 1686 1686 1685 1684 1683 1682 1682 1681 1679 1678
1972 1958 1946 1941 1938 1939 1947 1953 1954 1957 1957 1953 1940 1912 1891 1875 1854 1848 1840 1832 1823 1817 1812 1810 1809 1811 1817 1825 1836 1846 1853 1855 1850 1842 1831 1821 1811 1802 1791 1778 1765 1755 1747 1736 1727 1718 1713 1707 1706 1704 1703 1703 1702 1702 1703 1702 1701 1701 1700 1699 1698 1696 1696 1696 1696 1695 1690 1687 1686 1685 1685 1686 1686 1684 1683 1685 1685 1686 1685 1683 1682 1680 1678 1677
1980 1970 1963 1958 1955 1957 1961 1961 1961 1960 1956 1947 1934 1912 1897 1883 1867 1851 1843 1833 1824 1819 1814 1809 1808 1812 1820 1832 1842 1851 1857 1860 1858 1849 1837 1827 1819 1810 1797 1783 1773 1763 1753 1740 1727 1720 1716 1712 1709 1706 1704 1703 1701 1702 1702 1702 1701 1699 1699 1697 1696 1695 1695 1695 1696 1694 1692 1691 1688 1686 1684 1683 1684 1685 1686 1686 1687 1686 1684 1682 1680 1679 1677 1676
1996 1983 1978 1975 1975 1975 1973 1970 1968 1961 1950 1942 1930 1913 1900 1886 1869 1856 1847 1839 1830 1826 1820 1813 1811 1813 1821 1833 1845 1855 1861 1861 1859 1852 1844 1835 1824 1812 1795 1784 1774 1766 1756 1744 1732 1725 1716 1715 1713 1712 1708 1705 1703 1702 1701 1701 1700 1699 1697 1696 1695 1694 1694 1693 1693 1693 1692 1691 1689 1688 1687 1686 1687 1688 1687 1687 1686 1685 1681 1678 1677 1677 1676 1675
2012 2005 1996 1989 1989 1986 1983 1979 1969 1962 1951 1941 1931 1915 1901 1885 1869 1859 1850 1842 1834 1831 1826 1822 1820 1821 1825 1836 1848 1857 1862 1861 1857 1854 1849 1840 1826 1810 1796 1786 1778 1765 1752 1742 1732 1722 1716 1713 1712 1711 1709 1706 1703 1701 1699 1699 1699 1697 1696 1694 1693 1692 1692 1690 1690 1689 1690 1690 1689 1689 1688 1687 1687 1686 1685 1684 1684 1682 1678 1676 1676 1677 1675 1673
2022 2016 2008 2000 1998 1995 1990 1982 1974 1964 1955 1945 1934 1921 1904 1889 1874 1863 1853 1842 1836 1833 1829 1826 1825 1828 1832 1841 1852 1859 1862 1862 1859 1855 1850 1839 1823 1807 1797 1791 1779 1765 1752 1739 1728 1721 1717 1714 1710 1704 1704 1704 1702 1699 1696 1696 1697 1696 1695 1693 1693 1693 1692 1691 1690 1690 1690 1690 1690 1690 1689 1687 1684 1684 1683 1682 1682 1681 1678 1676 1677 1677 1675 1672
2035 2029 2021 2017 2014 2008 1999 1988 1980 1972 1959 1946 1935 1925 1905 1888 1876 1866 1854 1845 1839 1837 1835 1832 1832 1834 1837 1847 1856 1859 1861 1864 1863 1858 1849 1836 1819 1806 1798 1789 1778 1768 1754 1740 1731 1723 1719 1713 1704 1701 1702 1701 1700 1697 1695 1694 1695 1695 1695 1694 1693 1693 1693 1693 1692 1691 1690 1689 1689 1689 1688 1685 1684 1684 1683 1682 1682 1681 1680 1678 1677 1677 1674 1671
2047 2042 2037 2030 2019 2006 1996 1991 1985 1974 1961 1947 1935 1918 1897 1883 1877 1866 1855 1847 1842 1841 1841 1841 1840 1840 1844 1849 1854 1856 1858 1861 1862 1859 1853 1840 1822 1806 1797 1788 1779 1766 1752 1740 1733 1727 1719 1711 1706 1704 1702 1702 1699 1696 1695 1694 1693 1694 1694 1693 1691 1691 1691 1692 1692 1690 1688 1687 1688 1688 1687 1686 1686 1686 1684 1681 1681 1680 1677 1678 1678 1677 1674 1671
2056 2050 2042 2034 2022 2009 2001 1994 1986 1973 1960 1948 1929 1911 1893 1880 1872 1866 1862 1858 1853 1851 1852 1850 1848 1847 1849 1851 1854 1854 1856 1857 1857 1855 1853 1841 1824 1806 1793 1785 1776 1763 1751 1742 1735 1727 1718 1711 1707 1703 1702 1699 1697 1696 1695 1692 1691 1691 1691 1690 1689 1689 1690 1690 1690 1689 1688 1687 1687 1687 1687 1688 1688 1687 1682 1679 1678 1676 1676 1676 1678 1678 1675 1671
2061 2054 2045 2034 2025 2016 2004 1995 1980 1967 1956 1943 1926 1907 1896 1883 1879 1875 1875 1874 1870 1864 1859 1854 1848 1849 1850 1853 1853 1852 1852 1853 1850 1848 1841 1831 1815 1799 1787 1783 1775 1763 1752 1743 1734 1727 1721 1715 1709 1704 1701 1699 1697 1696 1695 1693 1691 1689 1689 1689 1688 1687 1687 1688 1688 1688 1687 1688 1687 1687 1687 1688 1687 1685 1681 1678 1676 1676 1676 1676 1677 1676 1674 1671
2064 2056 2043 2033 2024 2014 2003 1987 1973 1962 1949 1937 1925 1915 1909 1903 1894 1890 1885 1883 1878 1870 1863 1859 1853 1849 1848 1850 1850 1848 1848 1846 1844 1839 1833 1822 1809 1796 1789 1782 1774 1764 1749 1739 1733 1730 1724 1717 1712 1706 1702 1700 1700 1699 1697 1694 1690 1688 1687 1688 1687 1686 1686 1686 1686 1685 1686 1686 1687 1686 1686 1686 1685 1683 1680 1677 1676 1675 1676 1676 1675 1674 1673 1671
2069 2065 2051 2040 2026 2017 2004 1989 1976 1967 1952 1938 1931 1929 1931 1925 1915 1904 1898 1893 1887 1875 1869 1864 1860 1853 1850 1848 1847 1845 1844 1843 1840 1835 1829 1817 1803 1796 1788 1779 1768 1756 1742 1737 1733 1728 1724 1719 1715 1711 1706 1704 1701 1699 1696 1691 1688 1686 1686 1685 1684 1684 1685 1684 1683 1684 1683 1684 1684 1684 1686 1686 1685 1682 1679 1678 1677 1676 1676 1675 1674 1671 1672 1670
2077 2075 2064 2054 2038 2025 2015 2003 1992 1983 1975 1954 1947 1944 1943 1941 1930 1918 1911 1903 1895 1883 1874 1867 1864 1859 1854 1851 1848 1845 1843 1840 1836 1830 1823 1812 1797 1789 1783 1773 1757 1747 1739 1735 1732 1728 1724 1720 1715 1711 1708 1705 1702 1698 1694 1691 1688 1688 1687 1685 1684 1684 1684 1684 1684 1683 1683 1682 1682 1683 1683 1685 1684 1682 1680 1679 1679 1677 1675 1674 1672 1671 1670 1670
2075 2076 2071 2061 2049 2039 2030 2021 2008 1999 1994 1984 1969 1965 1960 1955 1946 1931 1919 1909 1900 1886 1877 1871 1867 1861 1855 1852 1848 1845 1843 1841 1838 1829 1823 1816 1801 1786 1779 1769 1755 1743 1734 1731 1729 1723 1721 1718 1714 1710 1707 1703 1701 1697 1695 1691 1690 1690 1688 1685 1684 1683 1684 1685 1685 1684 1682 1681 1681 1680 1680 1679 1680 1679 1679 1678 1677 1676 1674 1673 1672 1670 1669 1669
2072 2074 2074 2068 2058 2051 2045 2032 2019 2014 2009 2000 1988 1982 1974 1965 1951 1937 1924 1914 1903 1890 1877 1871 1867 1862 1857 1852 1848 1845 1843 1841 1839 1832 1826 1823 1810 1790 1780 1771 1759 1748 1739 1731 1725 1719 1718 1716 1713 1710 1705 1701 1700 1697 1694 1692 1691 1691 1687 1685 1683 1683 1682 1683 1683 1681 1679 1678 1679 1680 1678 1677 1676 1677 1678 1676 1674 1673 1672 1671 1670 1669 1668 1668
2068 2072 2074 2070 2063 2056 2049 2038 2027 2022 2016 2003 1991 1981 1972 1962 1949 1935 1924 1913 1902 1889 1879 1871 1866 1860 1855 1851 1848 1845 1840 1838 1835 1832 1827 1822 1813 1801 1784 1773 1764 1753 1745 1734 1726 1719 1716 1714 1712 1708 1705 1702 1700 1698 1695 1693 1692 1690 1689 1686 1684 1683 1682 1681 1680 1678 1677 1676 1677 1678 1678 1676 1676 1676 1676 1674 1672 1672 1670 1669 1667 1666 1666 1667
2064 2070 2072 2070 2064 2058 2049 2040 2032 2021 2010 1998 1988 1979 1966 1953 1943 1931 1921 1909 1896 1887 1877 1867 1862 1859 1852 1848 1846 1841 1835 1831 1829 1824 1820 1813 1806 1796 1785 1774 1763 1752 1743 1736 1725 1716 1715 1714 1710 1707 1706 1704 1700 1696 1695 1695 1692 1690 1687 1685 1683 1682 1681 1680 1679 1677 1677 1676 1677 1677 1677 1676 1676 1675 1673 1671 1670 1671 1670 1668 1666 1666 1667 1668
2059 2066 2072 2072 2068 2061 2053 2040 2030 2018 2008 1997 1987 1978 1963 1946 1936 1927 1916 1903 1891 1883 1875 1868 1863 1859 1854 1847 1844 1840 1832 1829 1825 1819 1811 1802 1794 1784 1776 1770 1759 1749 1742 1733 1723 1717 1715 1715 1712 1709 1710 1707 1701 1697 1696 1695 1693 1688 1686 1684 1682 1681 1680 1680 1679 1678 1677 1677 1676 1675 1675 1675 1674 1673 1671 1670 1670 1670 1670 1668 1667 1667 1668 1669
2058 2067 2073 2073 2068 2061 2053 2040 2025 2015 2003 1992 1983 1974 1957 1942 1931 1921 1911 1903 1897 1892 1885 1874 1865 1860 1855 1851 1850 1843 1835 1831 1827 1818 1809 1796 1786 1778 1770 1761 1753 1744 1736 1728 1722 1718 1716 1714 1712 1711 1709 1706 1702 1699 1698 1695 1691 1688 1686 1685 1684 1681 1681 1681 1679 1678 1678 1677 1676 1675 1675 1673 1673 1672 1671 1670 1670 1670 1669 1668 1667 1667 1666 1665
2057 2065 2072 2072 2067 2062 2054 2041 2023 2009 1997 1986 1978 1970 1955 1944 1938 1930 1922 1914 1909 1902 1893 1879 1868 1862 1857 1852 1845 1841 1835 1833 1829 1822 1810 1797 1788 1781 1772 1765 1758 1749 1740 1732 1727 1723 1719 1713 1709 1708 1707 1704 1700 1698 1695 1694 1690 1688 1688 1686 1684 1682 1682 1681 1681 1680 1679 1678 1678 1677 1676 1674 1673 1671 1671 1670 1671 1671 1670 1669 1668 1666 1664 1664
2055 2061 2069 2073 2073 2068 2061 2042 2019 2009 1999 1990 1982 1977 1962 1955 1951 1943 1936 1929 1920 1910 1895 1880 1872 1867 1861 1855 1845 1837 1834 1830 1826 1819 1807 1802 1799 1792 1784 1779 1768 1758 1747 1739 1732 1725 1720 1715 1709 1706 1705 1702 1698 1695 1695 1693 1691 1689 1688 1687 1684 1683 1683 1683 1683 1681 1680 1679 1678 1677 1675 1673 1671 1670 1671 1672 1673 1672 1671 1669 1667 1666 1666 1665
2049 2056 2065 2074 2076 2075 2065 2050 2037 2021 2012 1998 1994 1985 1971 1964 1962 1955 1947 1939 1927 1914 1898 1882 1876 1870 1864 1857 1846 1836 1829 1824 1820 1816 1812 1810 1810 1805 1798 1786 1776 1765 1756 1746 1733 1726 1720 1714 1708 1706 1704 1701 1697 1695 1694 1694 1691 1689 1688 1686 1684 1683 1683 1684 1682 1680 1679 1678 1677 1674 1671 1668 1667 1667 1670 1672 1672 1671 1670 1669 1668 1667 1666 1665
2042 2048 2059 2069 2073 2074 2067 2057 2046 2029 2015 2005 1997 1986 1976 1969 1961 1956 1947 1938 1926 1912 1901 1891 1880 1872 1864 1856 1844 1836 1828 1821 1817 1816 1817 1818 1821 1816 1807 1793 1778 1768 1762 1750 1737 1729 1720 1714 1707 1705 1703 1698 1695 1694 1694 1692 1691 1688 1687 1685 1683 1682 1681 1679 1678 1675 1675 1676 1675 1672 1669 1667 1666 1666 1668 1670 1669 1669 1669 1669 1668 1667 1665 1664
2035 2042 2050 2059 2066 2069 2062 2049 2038 2024 2012 2002 1987 1978 1972 1962 1954 1948 1939 1929 1917 1906 1899 1890 1879 1871 1862 1854 1844 1834 1826 1819 1814 1814 1816 1819 1820 1818 1811 1801 1789 1776 1763 1752 1739 1732 1725 1715 1709 1703 1700 1695 1692 1693 1693 1693 1690 1687 1686 1685 1682 1680 1679 1677 1674 1673 1673 1673 1673 1672 1671 1669 1668 1667 1667 1668 1668 1668 1667 1666 1666 1665 1665 1664
2030 2038 2046 2052 2057 2057 2049 2040 2030 2018 2008 1994 1979 1971 1961 1949 1944 1937 1930 1918 1907 1900 1891 1882 1871 1863 1856 1847 1839 1830 1823 1818 1815 1812 1813 1815 1817 1819 1817 1807 1791 1779 1765 1753 1743 1734 1727 1717 1706 1703 1700 1696 1694 1691 1692 1690 1687 1686 1685 1684 1683 1680 1678 1676 1674 1673 1673 1674 1674 1674 1673 1672 1670 1669 1668 1668 1669 1668 1665 1664 1663 1664 1664 1663
2022 2033 2041 2045 2048 2047 2039 2031 2023 2010 1997 1982 1969 1960 1950 1937 1932 1926 1915 1906 1898 1890 1881 1872 1862 1853 1847 1841 1833 1826 1821 1817 1812 1812 1812 1815 1817 1819 1816 1805 1792 1779 1766 1755 1744 1736 1728 1718 1711 1706 1702 1700 1696 1692 1688 1687 1685 1684 1683 1682 1680 1677 1675 1674 1672 1672 1673 1674 1675 1675 1674 1673 1672 1671 1670 1669 1668 1667 1665 1664 1663 1664 1664 1662
