notebooks/landlab-terrainbento/coupled_process_elements/DEMData/SRTMGL3_40.015_-105.2705_40.035_-105.1.tif
ncols        205
nrows        24
xllcorner    -105.271250000017
yllcorner    40.015416666671
cellsize     0.000833333333
NODATA_value 0
[rows 0 to 23 of 24, columns 84 to 167 of 205]
1575 1573 1573 1574 1576 1580 1580 1580 1580 1579 1577 1577 1578 1577 1577 1577 1576 1576 1575 1576 1574 1574 1574 1574 1571 1569 1567 1570 1572 1574 1576 1577 1578 1579 1578 1574 1575 1576 1573 1572 1570 1569 1570 1570 1567 1569 1567 1563 1565 1570 1573 1571 1565 1566 1566 1564 1560 1561 1562 1559 1560 1565 1563 1558 1563 1563 1563 1558 1566 1566 1565 1561 1564 1566 1568 1569 1565 1568 1568 1570 1570 1567 1568 1571
1573 1573 1575 1580 1583 1585 1593 1593 1591 1588 1586 1587 1584 1583 1584 1585 1581 1579 1575 1573 1573 1574 1572 1574 1574 1576 1575 1579 1580 1578 1578 1581 1583 1585 1582 1580 1577 1575 1572 1571 1569 1571 1571 1571 1566 1569 1567 1569 1567 1568 1569 1568 1562 1563 1564 1561 1562 1561 1562 1561 1561 1563 1563 1565 1563 1564 1564 1559 1564 1568 1567 1564 1572 1574 1574 1571 1569 1570 1575 1576 1574 1573 1570 1569
1578 1578 1582 1586 1589 1593 1602 1601 1597 1592 1591 1594 1588 1586 1587 1586 1581 1583 1582 1577 1578 1578 1574 1574 1576 1578 1580 1583 1587 1583 1584 1589 1586 1585 1581 1579 1577 1575 1575 1572 1570 1570 1572 1571 1569 1572 1571 1569 1567 1567 1565 1564 1562 1563 1565 1561 1563 1562 1562 1562 1562 1563 1561 1562 1565 1561 1563 1566 1566 1571 1572 1566 1574 1575 1572 1572 1571 1570 1576 1576 1574 1573 1572 1571
1592 1589 1587 1591 1591 1597 1600 1602 1602 1598 1595 1595 1594 1596 1595 1596 1591 1590 1585 1583 1580 1579 1576 1577 1579 1581 1585 1586 1592 1590 1589 1592 1589 1585 1580 1580 1578 1573 1574 1572 1573 1568 1571 1573 1572 1568 1568 1565 1566 1569 1568 1567 1569 1570 1566 1566 1564 1566 1567 1567 1565 1568 1567 1569 1566 1565 1566 1569 1573 1575 1573 1570 1574 1576 1571 1571 1572 1572 1575 1574 1573 1573 1571 1574
1594 1592 1597 1596 1595 1596 1602 1602 1598 1594 1594 1594 1594 1594 1594 1594 1594 1594 1591 1590 1581 1580 1581 1580 1581 1584 1587 1589 1590 1592 1592 1590 1587 1584 1584 1580 1579 1578 1575 1574 1572 1574 1575 1576 1573 1566 1565 1566 1566 1568 1568 1574 1570 1565 1569 1569 1567 1566 1565 1569 1571 1569 1570 1571 1570 1573 1575 1572 1571 1572 1572 1576 1579 1578 1575 1573 1573 1573 1575 1575 1575 1576 1573 1575
1594 1601 1603 1600 1592 1598 1598 1599 1601 1594 1594 1594 1594 1594 1594 1594 1594 1594 1594 1594 1594 1590 1584 1583 1586 1586 1591 1595 1597 1595 1596 1595 1590 1582 1581 1579 1576 1574 1571 1574 1574 1574 1572 1575 1571 1567 1571 1571 1568 1571 1572 1575 1570 1566 1570 1573 1568 1570 1568 1569 1575 1575 1574 1573 1572 1579 1583 1576 1575 1576 1576 1576 1580 1579 1577 1579 1577 1582 1581 1579 1578 1578 1576 1577
1610 1615 1609 1597 1594 1594 1594 1594 1594 1594 1594 1594 1594 1594 1594 1594 1594 1594 1594 1594 1594 1594 1595 1593 1594 1595 1595 1597 1596 1595 1595 1593 1590 1587 1585 1579 1578 1575 1573 1572 1573 1574 1572 1570 1567 1568 1571 1571 1572 1571 1570 1566 1568 1566 1566 1566 1567 1572 1573 1576 1577 1576 1577 1578 1579 1579 1579 1577 1578 1579 1578 1576 1578 1580 1582 1580 1577 1579 1579 1580 1579 1578 1578 1578
1616 1612 1609 1599 1594 1594 1594 1594 1594 1594 1594 1594 1594 1594 1594 1594 1594 1594 1594 1594 1594 1594 1594 1596 1598 1598 1598 1599 1599 1597 1597 1596 1591 1586 1582 1579 1578 1577 1578 1577 1575 1576 1576 1573 1573 1573 1573 1577 1580 1574 1572 1569 1570 1567 1568 1571 1570 1572 1576 1578 1573 1573 1572 1576 1578 1576 1578 1578 1578 1579 1579 1577 1579 1576 1579 1580 1581 1582 1579 1583 1584 1581 1578 1580
1614 1614 1615 1603 1596 1594 1594 1594 1594 1594 1594 1594 1594 1594 1594 1594 1594 1594 1594 1594 1594 1594 1594 1594 1595 1599 1601 1600 1597 1597 1596 1593 1590 1587 1583 1579 1579 1573 1576 1577 1578 1578 1582 1578 1576 1572 1574 1578 1576 1578 1577 1573 1573 1569 1571 1570 1573 1572 1575 1578 1575 1575 1578 1581 1584 1581 1583 1581 1581 1582 1581 1583 1581 1580 1582 1582 1584 1583 1582 1586 1586 1583 1581 1584
1603 1600 1598 1596 1594 1594 1594 1594 1594 1594 1594 1594 1594 1594 1594 1594 1594 1594 1594 1594 1594 1594 1594 1594 1595 1601 1601 1601 1599 1598 1596 1592 1590 1588 1582 1581 1578 1578 1578 1576 1578 1576 1577 1575 1577 1578 1579 1577 1577 1579 1576 1575 1580 1581 1579 1578 1575 1576 1573 1573 1577 1581 1585 1585 1585 1584 1586 1587 1588 1590 1585 1586 1588 1589 1587 1587 1588 1589 1592 1591 1588 1587 1588 1588
1594 1594 1594 1594 1594 1594 1594 1594 1594 1594 1594 1594 1594 1594 1594 1594 1594 1594 1594 1594 1594 1594 1594 1594 1595 1600 1602 1603 1600 1596 1593 1592 1590 1587 1582 1582 1580 1580 1579 1577 1571 1570 1573 1572 1570 1577 1580 1577 1577 1582 1580 1581 1582 1583 1581 1579 1580 1582 1580 1577 1581 1586 1590 1588 1584 1588 1589 1590 1594 1594 1593 1589 1593 1595 1592 1591 1593 1594 1595 1593 1592 1594 1591 1592
1594 1594 1594 1594 1594 1594 1594 1594 1594 1594 1594 1594 1594 1594 1594 1594 1594 1594 1594 1594 1594 1594 1594 1598 1601 1602 1601 1598 1595 1595 1593 1588 1586 1587 1586 1581 1579 1581 1584 1582 1578 1577 1575 1576 1574 1580 1583 1584 1581 1585 1588 1589 1588 1594 1589 1585 1582 1589 1584 1584 1586 1587 1591 1591 1588 1588 1590 1591 1592 1590 1593 1596 1597 1595 1597 1602 1598 1601 1602 1600 1594 1597 1598 1598
1594 1594 1594 1594 1594 1594 1594 1594 1594 1594 1594 1594 1594 1594 1595 1596 1597 1597 1595 1595 1596 1596 1600 1605 1605 1603 1603 1599 1594 1590 1590 1591 1589 1586 1584 1581 1581 1581 1585 1581 1576 1578 1578 1576 1581 1585 1587 1588 1585 1585 1588 1590 1592 1591 1587 1587 1587 1587 1584 1584 1584 1586 1589 1593 1593 1593 1595 1593 1594 1593 1595 1597 1595 1598 1600 1601 1599 1600 1601 1602 1601 1601 1600 1599
1594 1594 1594 1594 1594 1594 1594 1594 1594 1594 1594 1595 1602 1601 1602 1608 1608 1603 1598 1602 1605 1603 1606 1605 1602 1600 1600 1598 1597 1595 1587 1590 1588 1586 1584 1581 1584 1582 1581 1582 1577 1579 1580 1579 1581 1585 1589 1590 1590 1588 1593 1591 1590 1589 1587 1592 1591 1586 1584 1584 1587 1588 1587 1592 1595 1594 1596 1595 1592 1595 1597 1596 1594 1598 1600 1601 1599 1601 1599 1604 1603 1599 1599 1603
1596 1595 1594 1594 1594 1594 1594 1594 1594 1594 1594 1595 1599 1604 1613 1621 1623 1614 1605 1606 1604 1605 1606 1607 1603 1601 1601 1602 1601 1597 1591 1590 1585 1585 1585 1580 1585 1584 1578 1580 1580 1579 1581 1580 1583 1589 1588 1588 1587 1584 1590 1588 1588 1584 1588 1592 1591 1587 1587 1588 1587 1590 1590 1592 1597 1596 1598 1594 1595 1595 1593 1595 1595 1597 1599 1601 1602 1603 1603 1605 1602 1598 1604 1601
1601 1600 1595 1594 1594 1594 1594 1594 1594 1594 1594 1594 1594 1600 1609 1613 1614 1609 1606 1605 1606 1605 1606 1607 1606 1601 1602 1603 1596 1592 1594 1592 1590 1590 1589 1588 1584 1586 1583 1579 1581 1577 1578 1578 1582 1587 1589 1592 1593 1593 1593 1590 1591 1590 1591 1595 1592 1589 1588 1589 1592 1594 1592 1592 1595 1595 1595 1595 1594 1595 1597 1596 1597 1599 1600 1601 1601 1602 1601 1601 1603 1601 1603 1605
1595 1597 1598 1594 1594 1594 1594 1594 1594 1594 1594 1594 1594 1594 1598 1600 1600 1603 1606 1605 1605 1605 1600 1600 1601 1602 1600 1599 1597 1595 1592 1591 1591 1590 1587 1586 1584 1587 1586 1582 1583 1579 1580 1585 1585 1589 1590 1593 1594 1593 1595 1592 1591 1589 1592 1593 1593 1591 1589 1591 1594 1595 1593 1596 1596 1595 1596 1595 1597 1599 1598 1601 1600 1599 1596 1600 1603 1605 1604 1604 1606 1606 1604 1606
1596 1596 1594 1594 1594 1594 1594 1594 1594 1594 1594 1594 1594 1594 1594 1594 1600 1605 1600 1599 1602 1599 1605 1608 1607 1601 1600 1600 1601 1598 1595 1592 1591 1589 1588 1585 1586 1587 1584 1582 1581 1582 1585 1587 1591 1592 1591 1588 1590 1594 1597 1594 1591 1591 1596 1596 1596 1590 1589 1592 1590 1591 1591 1595 1596 1597 1599 1598 1599 1601 1601 1603 1604 1603 1599 1602 1600 1606 1601 1603 1602 1604 1603 1600
1601 1600 1594 1594 1594 1594 1594 1594 1594 1594 1594 1594 1594 1594 1594 1596 1602 1601 1601 1601 1602 1604 1613 1612 1609 1606 1607 1604 1606 1602 1594 1592 1592 1592 1589 1586 1585 1585 1584 1584 1581 1587 1591 1591 1595 1595 1594 1591 1593 1593 1594 1594 1594 1593 1596 1593 1591 1594 1591 1594 1592 1591 1589 1594 1597 1598 1600 1602 1601 1601 1601 1604 1607 1604 1602 1605 1609 1611 1604 1605 1605 1608 1604 1602
1607 1596 1594 1594 1594 1594 1594 1594 1594 1594 1594 1595 1595 1594 1599 1604 1602 1602 1604 1604 1606 1612 1613 1610 1608 1605 1605 1603 1604 1601 1596 1595 1593 1594 1590 1586 1587 1586 1585 1583 1586 1592 1593 1594 1597 1598 1596 1594 1596 1594 1595 1594 1593 1595 1594 1597 1597 1595 1593 1592 1591 1592 1591 1597 1596 1598 1600 1603 1602 1602 1604 1606 1609 1604 1603 1608 1608 1604 1607 1607 1607 1609 1609 1605
1596 1594 1594 1594 1594 1594 1594 1594 1594 1596 1597 1598 1596 1598 1603 1604 1606 1608 1606 1612 1609 1609 1611 1609 1605 1602 1605 1604 1602 1599 1598 1597 1593 1593 1591 1589 1589 1587 1584 1585 1589 1594 1594 1596 1594 1598 1600 1596 1594 1596 1596 1594 1596 1599 1601 1601 1595 1596 1595 1593 1593 1596 1593 1593 1595 1599 1601 1602 1603 1605 1607 1610 1612 1608 1610 1609 1608 1611 1612 1610 1612 1612 1613 1609
1594 1594 1594 1594 1594 1594 1595 1595 1597 1598 1602 1603 1605 1611 1613 1610 1612 1612 1613 1616 1608 1607 1613 1608 1602 1602 1604 1602 1600 1597 1596 1593 1593 1591 1589 1589 1588 1587 1584 1587 1590 1594 1598 1597 1597 1595 1596 1597 1597 1600 1598 1597 1596 1601 1602 1603 1601 1600 1600 1596 1600 1599 1597 1596 1598 1600 1602 1602 1603 1604 1603 1607 1610 1610 1610 1612 1612 1611 1612 1612 1611 1611 1611 1610
1598 1596 1595 1596 1597 1597 1598 1600 1604 1607 1609 1609 1615 1620 1623 1621 1620 1618 1615 1614 1614 1617 1615 1606 1606 1608 1604 1605 1600 1598 1596 1594 1593 1591 1590 1585 1583 1586 1583 1587 1590 1594 1598 1596 1598 1593 1597 1597 1596 1600 1598 1599 1598 1600 1604 1606 1606 1604 1601 1601 1603 1605 1607 1606 1607 1607 1608 1613 1615 1615 1607 1606 1611 1613 1611 1612 1613 1608 1612 1612 1612 1611 1610 1612
1601 1598 1600 1601 1602 1605 1606 1608 1614 1615 1624 1628 1633 1632 1630 1621 1620 1619 1617 1614 1613 1613 1608 1605 1604 1603 1602 1602 1599 1596 1594 1593 1591 1591 1589 1584 1583 1585 1589 1595 1595 1595 1595 1596 1596 1595 1597 1600 1600 1601 1604 1600 1602 1602 1608 1605 1606 1604 1602 1606 1605 1608 1611 1611 1608 1613 1611 1612 1616 1616 1612 1613 1612 1612 1612 1614 1614 1609 1611 1612 1612 1609 1609 1608
