notebooks/landlab-terrainbento/coupled_process_elements/DEMData/SRTMGL3_40.015_-105.2705_40.035_-105.1.tif
ncols        205
nrows        24
xllcorner    -105.271250000017
yllcorner    40.015416666671
cellsize     0.000833333333
NODATA_value 0
[rows 0 to 23 of 24, columns 0 to 83 of 205]
1640 1641 1643 1638 1639 1636 1634 1631 1629 1631 1632 1631 1627 1626 1626 1623 1624 1624 1621 1622 1622 1623 1625 1620 1626 1626 1620 1617 1618 1617 1616 1620 1620 1618 1617 1615 1615 1615 1612 1612 1614 1612 1614 1614 1619 1619 1609 1612 1616 1617 1614 1614 1614 1612 1613 1612 1605 1601 1597 1595 1584 1579 1578 1578 1578 1578 1578 1578 1580 1585 1584 1580 1574 1573 1573 1573 1573 1573 1573 1573 1573 1573 1573 1573
1641 1640 1642 1639 1634 1638 1634 1632 1629 1631 1633 1631 1630 1628 1624 1622 1623 1624 1619 1620 1621 1623 1622 1622 1623 1623 1621 1619 1620 1620 1620 1617 1620 1618 1620 1618 1616 1615 1612 1611 1611 1611 1608 1607 1617 1615 1618 1616 1613 1613 1613 1610 1611 1609 1608 1601 1600 1596 1593 1587 1582 1578 1578 1578 1578 1579 1581 1582 1584 1587 1584 1584 1576 1573 1575 1574 1574 1576 1576 1576 1577 1578 1577 1574
1642 1641 1638 1634 1632 1634 1635 1631 1631 1628 1631 1629 1631 1627 1624 1624 1625 1623 1624 1622 1621 1621 1620 1622 1620 1619 1618 1619 1615 1616 1620 1616 1613 1616 1616 1614 1615 1616 1613 1613 1612 1611 1610 1603 1608 1614 1618 1618 1613 1611 1611 1607 1600 1598 1595 1595 1594 1591 1589 1588 1580 1578 1578 1578 1581 1586 1585 1586 1588 1584 1580 1582 1583 1579 1579 1581 1579 1580 1583 1583 1580 1579 1581 1582
1640 1642 1635 1632 1634 1634 1632 1637 1634 1628 1630 1630 1629 1624 1624 1625 1624 1621 1622 1621 1620 1622 1618 1619 1618 1616 1618 1616 1613 1614 1616 1614 1615 1613 1613 1611 1613 1612 1612 1612 1609 1607 1607 1605 1606 1613 1610 1610 1618 1607 1603 1600 1596 1596 1594 1593 1591 1591 1587 1587 1581 1579 1580 1582 1584 1583 1580 1586 1586 1586 1583 1582 1584 1583 1581 1581 1578 1583 1587 1587 1586 1588 1591 1590
1642 1639 1632 1633 1633 1632 1631 1629 1628 1628 1626 1630 1628 1624 1621 1621 1621 1624 1625 1622 1619 1621 1619 1615 1615 1614 1608 1614 1614 1615 1618 1614 1613 1614 1614 1613 1609 1611 1611 1610 1610 1606 1605 1606 1608 1603 1605 1602 1603 1598 1598 1598 1594 1593 1592 1593 1593 1590 1586 1585 1585 1587 1583 1583 1582 1583 1584 1584 1584 1588 1588 1589 1590 1591 1593 1596 1600 1601 1598 1598 1603 1604 1598 1593
1641 1638 1635 1634 1631 1630 1629 1626 1628 1627 1624 1625 1626 1622 1623 1622 1621 1621 1619 1617 1619 1617 1618 1614 1615 1617 1612 1612 1614 1616 1617 1619 1618 1614 1612 1612 1613 1609 1607 1610 1608 1607 1607 1605 1610 1607 1604 1602 1593 1594 1594 1597 1598 1594 1592 1592 1592 1588 1583 1584 1582 1583 1581 1585 1583 1584 1585 1587 1595 1609 1617 1623 1621 1618 1618 1621 1614 1605 1604 1604 1603 1601 1598 1596
1640 1636 1634 1633 1632 1632 1629 1628 1628 1627 1624 1624 1623 1623 1623 1623 1620 1622 1622 1620 1623 1618 1618 1616 1615 1617 1614 1610 1613 1614 1613 1612 1611 1612 1612 1612 1609 1609 1606 1602 1606 1606 1604 1604 1606 1604 1602 1594 1591 1595 1595 1595 1592 1592 1591 1591 1589 1585 1585 1588 1588 1582 1583 1584 1581 1584 1586 1590 1607 1611 1611 1615 1612 1613 1620 1621 1613 1606 1605 1608 1608 1604 1602 1602
1639 1636 1631 1629 1629 1627 1628 1629 1630 1627 1623 1620 1621 1618 1620 1620 1619 1622 1620 1618 1619 1615 1614 1613 1613 1612 1609 1611 1613 1616 1616 1612 1603 1606 1612 1608 1604 1608 1603 1603 1605 1603 1605 1609 1607 1604 1603 1595 1589 1595 1593 1591 1587 1590 1592 1591 1590 1589 1585 1586 1588 1584 1582 1587 1588 1587 1586 1588 1592 1596 1599 1602 1606 1612 1620 1620 1616 1614 1612 1616 1614 1613 1612 1613
1637 1635 1633 1631 1631 1630 1628 1624 1628 1625 1623 1620 1622 1620 1619 1617 1619 1617 1614 1614 1615 1617 1614 1613 1612 1611 1609 1611 1611 1611 1611 1608 1606 1603 1602 1603 1600 1599 1601 1605 1598 1599 1599 1599 1588 1580 1599 1585 1589 1594 1593 1590 1589 1590 1592 1590 1588 1587 1586 1586 1587 1583 1581 1587 1590 1587 1587 1586 1587 1591 1590 1598 1608 1615 1618 1613 1612 1618 1617 1617 1614 1614 1615 1613
1631 1630 1636 1636 1640 1643 1640 1635 1633 1626 1624 1623 1624 1622 1624 1619 1618 1616 1612 1612 1616 1618 1615 1613 1613 1611 1610 1609 1611 1611 1609 1603 1605 1605 1604 1602 1602 1600 1603 1603 1589 1591 1596 1597 1585 1586 1589 1585 1590 1594 1595 1592 1589 1588 1588 1588 1591 1590 1587 1587 1588 1585 1582 1587 1587 1588 1587 1586 1581 1587 1592 1597 1602 1609 1613 1612 1614 1615 1610 1609 1608 1607 1610 1611
1642 1650 1652 1651 1645 1644 1642 1642 1640 1634 1623 1622 1619 1618 1618 1617 1615 1612 1613 1614 1612 1617 1613 1612 1608 1610 1610 1610 1608 1609 1611 1605 1604 1604 1602 1602 1602 1601 1596 1601 1598 1593 1594 1595 1579 1587 1596 1593 1589 1592 1595 1593 1594 1590 1587 1587 1589 1591 1588 1587 1585 1586 1587 1588 1587 1587 1588 1584 1585 1587 1594 1595 1597 1602 1602 1606 1606 1605 1600 1598 1597 1596 1594 1594
1647 1652 1651 1648 1640 1634 1633 1633 1634 1628 1623 1621 1621 1621 1618 1616 1617 1614 1614 1613 1612 1614 1614 1611 1608 1608 1609 1607 1608 1610 1609 1605 1604 1602 1602 1602 1601 1602 1600 1601 1601 1598 1593 1592 1587 1592 1597 1595 1591 1591 1592 1592 1590 1588 1587 1589 1589 1590 1587 1587 1588 1589 1590 1590 1587 1586 1588 1588 1588 1589 1592 1598 1600 1595 1595 1599 1596 1595 1594 1594 1594 1594 1594 1594
1638 1641 1642 1639 1631 1629 1628 1626 1623 1623 1622 1622 1620 1618 1619 1617 1617 1608 1609 1617 1610 1611 1615 1611 1608 1605 1602 1608 1607 1606 1604 1603 1604 1601 1601 1602 1601 1600 1600 1599 1596 1596 1596 1597 1596 1594 1592 1590 1590 1593 1593 1589 1590 1590 1593 1592 1590 1586 1590 1590 1588 1589 1590 1590 1589 1586 1590 1590 1587 1591 1591 1595 1596 1595 1597 1594 1594 1594 1594 1594 1594 1594 1594 1594
1632 1632 1631 1628 1626 1625 1623 1623 1621 1621 1623 1620 1618 1615 1616 1616 1616 1616 1615 1616 1610 1609 1610 1609 1606 1607 1606 1606 1605 1606 1604 1604 1611 1605 1602 1601 1600 1600 1599 1599 1596 1596 1597 1595 1599 1595 1593 1586 1592 1593 1593 1591 1592 1596 1595 1594 1593 1589 1592 1592 1589 1589 1591 1590 1589 1588 1587 1585 1587 1590 1592 1591 1592 1594 1596 1594 1594 1594 1594 1594 1594 1594 1594 1594
1632 1629 1627 1627 1624 1623 1621 1624 1620 1617 1623 1618 1617 1617 1616 1615 1619 1616 1617 1617 1614 1610 1611 1607 1608 1608 1608 1607 1605 1605 1601 1607 1610 1604 1603 1602 1602 1601 1598 1597 1597 1598 1596 1594 1593 1590 1594 1589 1590 1590 1587 1591 1591 1596 1593 1591 1590 1589 1589 1593 1591 1591 1592 1590 1589 1587 1587 1588 1588 1592 1592 1593 1593 1592 1595 1595 1594 1594 1594 1594 1594 1594 1594 1594
1629 1627 1626 1624 1623 1625 1622 1623 1622 1623 1620 1618 1618 1616 1616 1615 1615 1615 1614 1614 1613 1609 1609 1609 1608 1608 1607 1609 1606 1605 1601 1608 1608 1604 1600 1605 1601 1599 1596 1597 1598 1598 1594 1596 1593 1596 1593 1593 1595 1588 1583 1590 1590 1591 1590 1590 1593 1594 1589 1594 1593 1593 1590 1590 1590 1589 1588 1589 1590 1592 1591 1593 1595 1592 1595 1596 1595 1594 1594 1594 1594 1594 1594 1595
1628 1627 1625 1625 1622 1624 1623 1624 1623 1620 1618 1618 1620 1619 1616 1612 1615 1616 1614 1612 1611 1608 1608 1607 1607 1608 1606 1607 1608 1605 1604 1609 1610 1605 1602 1607 1604 1598 1597 1600 1599 1601 1601 1592 1596 1603 1604 1601 1601 1595 1597 1593 1588 1589 1591 1592 1593 1593 1590 1590 1592 1591 1592 1592 1593 1590 1590 1590 1594 1592 1592 1594 1595 1596 1597 1591 1595 1596 1594 1594 1594 1594 1594 1594
1627 1627 1625 1624 1623 1623 1623 1622 1620 1620 1620 1621 1618 1617 1615 1613 1614 1612 1615 1611 1610 1612 1608 1607 1607 1607 1606 1605 1605 1606 1607 1607 1603 1601 1597 1603 1601 1602 1601 1600 1601 1603 1600 1599 1598 1603 1601 1602 1601 1605 1598 1592 1593 1592 1592 1592 1593 1592 1591 1595 1593 1590 1590 1591 1592 1594 1591 1592 1596 1597 1594 1593 1594 1596 1595 1594 1593 1596 1596 1598 1597 1599 1595 1596
1628 1626 1626 1624 1624 1623 1622 1621 1621 1621 1620 1620 1618 1615 1615 1612 1614 1616 1618 1616 1614 1612 1608 1609 1608 1606 1609 1610 1606 1607 1606 1604 1606 1602 1600 1601 1600 1602 1602 1600 1598 1600 1602 1599 1600 1600 1601 1602 1603 1598 1596 1594 1597 1596 1595 1596 1594 1592 1592 1595 1593 1590 1591 1592 1592 1593 1593 1593 1596 1596 1596 1598 1598 1595 1594 1595 1595 1596 1597 1598 1600 1602 1603 1602
1628 1627 1627 1626 1627 1624 1622 1621 1620 1621 1622 1621 1618 1617 1614 1614 1613 1617 1622 1619 1617 1615 1607 1609 1611 1610 1610 1609 1606 1605 1604 1607 1606 1606 1602 1598 1603 1605 1602 1602 1598 1601 1603 1601 1602 1602 1598 1597 1598 1590 1599 1598 1598 1598 1597 1598 1590 1590 1595 1594 1594 1595 1591 1590 1590 1591 1591 1594 1596 1595 1595 1596 1597 1596 1596 1597 1597 1596 1598 1599 1600 1601 1607 1611
1628 1628 1629 1624 1627 1626 1624 1622 1621 1620 1620 1621 1620 1617 1616 1615 1616 1613 1621 1616 1612 1613 1612 1609 1610 1612 1609 1607 1604 1607 1606 1607 1605 1607 1605 1601 1599 1601 1602 1601 1604 1601 1593 1595 1603 1598 1599 1597 1595 1593 1595 1597 1601 1601 1597 1596 1595 1595 1595 1595 1596 1594 1594 1594 1593 1594 1594 1595 1596 1598 1596 1599 1599 1596 1597 1598 1597 1596 1599 1599 1600 1602 1602 1603
1627 1629 1628 1625 1626 1625 1624 1623 1622 1619 1619 1620 1619 1618 1618 1616 1615 1613 1617 1613 1608 1611 1612 1612 1612 1613 1610 1609 1608 1607 1608 1608 1606 1604 1606 1605 1604 1602 1605 1599 1603 1604 1595 1599 1599 1598 1599 1596 1601 1604 1599 1600 1602 1600 1599 1597 1596 1595 1595 1593 1595 1597 1597 1596 1595 1596 1597 1600 1600 1598 1598 1598 1599 1597 1599 1598 1599 1598 1599 1599 1599 1600 1598 1595
1630 1628 1627 1626 1627 1623 1623 1624 1621 1619 1619 1620 1618 1618 1617 1616 1614 1615 1616 1614 1611 1609 1613 1612 1609 1608 1609 1610 1610 1607 1606 1608 1606 1604 1603 1605 1604 1599 1600 1595 1598 1606 1603 1602 1603 1600 1600 1602 1601 1603 1601 1602 1601 1602 1601 1598 1597 1595 1600 1597 1598 1597 1598 1598 1599 1597 1599 1601 1599 1599 1599 1598 1600 1598 1599 1598 1598 1599 1600 1599 1599 1600 1600 1601
1629 1628 1626 1626 1626 1621 1621 1620 1619 1619 1618 1618 1619 1617 1616 1617 1614 1616 1615 1611 1607 1610 1612 1612 1610 1607 1606 1610 1611 1608 1608 1609 1608 1603 1604 1602 1598 1593 1589 1600 1606 1601 1598 1593 1600 1606 1599 1602 1602 1604 1602 1603 1600 1596 1600 1601 1600 1599 1598 1599 1600 1601 1599 1598 1598 1600 1601 1600 1600 1599 1599 1600 1602 1600 1600 1598 1602 1601 1602 1600 1599 1602 1603 1604
