notebooks/landlab-terrainbento/coupled_process_elements/DEMData/SRTMGL1_40.015_-105.2705_40.035_-105.25.tif
ncols        74
nrows        72
xllcorner    -105.270694444435
yllcorner    40.015138888886
cellsize     0.000277777778
NODATA_value -32768
[rows 0 to 42 of 72, columns 0 to 73 of 74]
1639 1640 1643 1644 1645 1643 1643 1640 1637 1635 1637 1640 1639 1637 1633 1631 1632 1633 1634 1633 1631 1630 1628 1628 1628 1629 1630 1632 1633 1632 1631 1631 1631 1631 1629 1627 1626 1625 1626 1627 1628 1627 1625 1623 1623 1623 1624 1625 1625 1625 1624 1623 1621 1621 1622 1622 1622 1622 1622 1622 1621 1622 1625 1625 1625 1625 1624 1622 1619 1619 1623 1626 1627 1628
1639 1640 1641 1642 1644 1644 1643 1642 1638 1635 1634 1637 1638 1637 1634 1633 1634 1636 1634 1632 1631 1631 1630 1628 1627 1629 1631 1633 1633 1632 1631 1631 1632 1631 1628 1627 1625 1624 1623 1624 1624 1623 1622 1623 1623 1624 1625 1625 1625 1625 1624 1622 1620 1618 1619 1620 1622 1621 1621 1619 1616 1614 1619 1623 1624 1624 1624 1622 1619 1619 1622 1625 1625 1625
1640 1639 1639 1640 1641 1642 1642 1641 1638 1634 1633 1634 1638 1640 1639 1637 1636 1635 1634 1631 1631 1631 1632 1629 1627 1629 1632 1634 1635 1634 1631 1631 1632 1630 1629 1628 1628 1625 1625 1623 1623 1622 1622 1623 1625 1624 1624 1624 1624 1624 1622 1620 1616 1615 1615 1619 1620 1620 1620 1619 1617 1617 1620 1623 1623 1623 1622 1621 1619 1620 1623 1625 1625 1624
1639 1638 1639 1641 1642 1642 1642 1642 1638 1635 1633 1634 1637 1640 1640 1635 1633 1635 1634 1633 1631 1631 1631 1629 1628 1628 1631 1634 1637 1635 1630 1630 1633 1632 1632 1631 1630 1629 1628 1627 1624 1623 1622 1623 1623 1624 1623 1622 1623 1623 1624 1623 1621 1617 1617 1618 1620 1620 1621 1621 1622 1622 1624 1624 1624 1622 1621 1621 1622 1623 1623 1624 1623 1624
1639 1638 1640 1642 1642 1643 1643 1642 1641 1636 1633 1633 1635 1637 1637 1634 1632 1635 1635 1634 1633 1630 1629 1629 1629 1630 1631 1631 1635 1633 1629 1628 1631 1633 1633 1632 1631 1630 1631 1631 1629 1626 1624 1620 1620 1620 1622 1623 1623 1624 1625 1627 1625 1622 1620 1620 1620 1620 1621 1623 1623 1624 1625 1625 1623 1622 1622 1623 1624 1624 1623 1622 1622 1622
1641 1639 1640 1641 1641 1641 1640 1640 1637 1635 1632 1632 1633 1635 1636 1635 1636 1636 1634 1633 1632 1631 1629 1629 1628 1629 1628 1628 1629 1630 1627 1627 1630 1632 1634 1632 1631 1629 1629 1628 1627 1625 1622 1620 1621 1623 1624 1624 1624 1624 1624 1626 1626 1624 1623 1622 1622 1620 1619 1620 1622 1623 1624 1623 1621 1620 1621 1622 1623 1622 1621 1620 1619 1619
1643 1642 1640 1640 1639 1638 1636 1632 1633 1631 1632 1632 1632 1633 1634 1636 1637 1637 1633 1631 1631 1632 1634 1631 1628 1626 1628 1629 1631 1630 1629 1628 1629 1631 1631 1631 1629 1628 1626 1625 1624 1624 1621 1621 1625 1627 1627 1626 1624 1623 1622 1624 1625 1624 1624 1623 1622 1621 1620 1620 1621 1622 1622 1620 1619 1619 1621 1622 1622 1621 1619 1618 1619 1619
1645 1644 1642 1639 1637 1634 1633 1634 1632 1632 1632 1633 1633 1632 1633 1633 1635 1635 1633 1630 1629 1634 1636 1634 1628 1626 1628 1634 1637 1635 1631 1629 1629 1630 1630 1629 1628 1627 1624 1623 1624 1624 1622 1622 1625 1628 1627 1626 1625 1623 1622 1622 1622 1622 1622 1623 1621 1621 1622 1621 1621 1622 1620 1617 1617 1619 1622 1623 1623 1622 1620 1620 1620 1621
1643 1644 1643 1641 1636 1634 1633 1635 1634 1633 1634 1635 1636 1634 1633 1632 1630 1632 1634 1635 1633 1634 1636 1633 1630 1627 1626 1631 1634 1635 1632 1629 1629 1632 1632 1630 1628 1625 1623 1623 1624 1624 1624 1624 1624 1625 1626 1625 1624 1623 1621 1621 1620 1620 1620 1621 1620 1620 1620 1621 1621 1622 1621 1618 1615 1618 1621 1622 1621 1620 1621 1619 1618 1619
1640 1641 1642 1641 1638 1634 1633 1632 1631 1631 1632 1634 1635 1636 1635 1632 1629 1630 1636 1639 1639 1637 1636 1634 1632 1629 1626 1625 1629 1631 1630 1629 1629 1632 1632 1629 1626 1625 1623 1624 1625 1625 1625 1625 1624 1624 1624 1624 1623 1622 1620 1620 1620 1620 1621 1622 1621 1619 1618 1618 1621 1623 1623 1620 1617 1617 1619 1619 1618 1619 1621 1619 1616 1613
1639 1640 1641 1641 1637 1635 1632 1631 1630 1630 1631 1633 1635 1636 1635 1633 1630 1631 1636 1639 1641 1639 1637 1636 1635 1633 1627 1625 1626 1628 1629 1630 1630 1629 1629 1628 1626 1625 1623 1623 1623 1624 1625 1626 1625 1624 1623 1623 1623 1622 1621 1622 1623 1625 1625 1625 1623 1620 1619 1619 1622 1624 1623 1622 1620 1620 1619 1617 1616 1617 1619 1619 1613 1611
1641 1641 1640 1639 1636 1632 1630 1629 1630 1633 1633 1634 1635 1635 1635 1634 1632 1632 1633 1632 1633 1636 1634 1633 1634 1631 1627 1625 1626 1626 1629 1632 1631 1629 1628 1628 1629 1626 1623 1622 1621 1620 1621 1623 1625 1623 1622 1621 1622 1624 1624 1625 1627 1628 1629 1627 1624 1621 1619 1619 1622 1624 1623 1621 1623 1621 1619 1616 1614 1615 1616 1614 1613 1614
1643 1642 1639 1636 1633 1631 1630 1631 1635 1637 1636 1634 1633 1632 1633 1633 1633 1632 1629 1627 1626 1630 1628 1626 1627 1628 1627 1627 1626 1625 1627 1630 1631 1629 1628 1628 1628 1627 1623 1622 1621 1620 1620 1620 1621 1621 1620 1620 1621 1623 1625 1625 1625 1626 1626 1625 1622 1620 1618 1618 1619 1622 1621 1621 1620 1619 1617 1615 1615 1615 1615 1614 1613 1615
1644 1642 1638 1632 1631 1632 1632 1633 1634 1636 1635 1632 1629 1627 1629 1632 1632 1630 1627 1625 1627 1627 1624 1622 1624 1627 1629 1628 1627 1625 1625 1627 1628 1629 1628 1626 1625 1624 1623 1622 1622 1623 1622 1620 1620 1620 1620 1621 1621 1622 1623 1622 1622 1622 1622 1622 1620 1620 1619 1619 1619 1620 1620 1619 1617 1616 1615 1615 1614 1615 1615 1615 1616 1616
1643 1642 1638 1634 1633 1633 1633 1632 1633 1633 1633 1629 1624 1624 1628 1631 1634 1629 1626 1624 1625 1626 1625 1625 1626 1628 1627 1627 1626 1625 1625 1625 1627 1628 1629 1626 1623 1622 1622 1623 1623 1623 1624 1623 1621 1621 1621 1621 1620 1620 1621 1621 1620 1620 1618 1618 1618 1619 1620 1619 1618 1616 1617 1616 1616 1614 1615 1614 1613 1611 1613 1615 1616 1617
1641 1641 1639 1636 1636 1635 1634 1634 1635 1635 1634 1630 1627 1629 1630 1631 1632 1629 1625 1624 1625 1626 1628 1629 1630 1629 1627 1624 1623 1623 1624 1625 1625 1626 1627 1627 1624 1621 1621 1622 1623 1623 1625 1624 1623 1622 1621 1621 1620 1620 1620 1620 1619 1619 1617 1614 1616 1618 1619 1620 1618 1617 1616 1616 1616 1618 1618 1616 1613 1611 1612 1614 1616 1618
1641 1638 1636 1636 1636 1636 1636 1635 1636 1636 1636 1635 1633 1635 1633 1632 1630 1628 1627 1626 1627 1629 1629 1630 1631 1631 1627 1623 1620 1622 1624 1625 1624 1622 1624 1626 1625 1622 1620 1621 1623 1623 1624 1624 1622 1621 1621 1621 1622 1622 1622 1620 1620 1619 1617 1615 1615 1618 1619 1620 1620 1619 1618 1619 1620 1621 1623 1618 1616 1615 1615 1615 1616 1617
1639 1637 1636 1635 1636 1636 1637 1635 1634 1635 1635 1634 1633 1634 1633 1632 1630 1629 1628 1629 1630 1630 1628 1628 1630 1630 1628 1623 1621 1623 1625 1626 1624 1623 1622 1624 1625 1623 1621 1621 1623 1623 1624 1623 1622 1621 1620 1621 1621 1623 1622 1621 1620 1621 1620 1617 1618 1619 1622 1622 1621 1619 1619 1620 1622 1622 1621 1618 1617 1617 1616 1615 1615 1617
1639 1638 1636 1635 1634 1634 1634 1634 1633 1633 1634 1633 1632 1632 1632 1632 1631 1630 1629 1628 1629 1629 1627 1627 1628 1628 1626 1624 1623 1624 1625 1625 1624 1622 1622 1623 1624 1625 1623 1623 1623 1623 1624 1624 1623 1622 1621 1619 1620 1620 1622 1622 1622 1624 1622 1621 1620 1623 1624 1624 1621 1617 1617 1618 1619 1618 1617 1615 1615 1616 1616 1615 1615 1617
1639 1638 1636 1634 1633 1631 1632 1632 1632 1633 1632 1631 1628 1629 1630 1631 1631 1629 1627 1626 1627 1628 1627 1628 1629 1628 1627 1625 1626 1625 1625 1624 1623 1622 1622 1623 1625 1625 1624 1622 1622 1623 1623 1624 1623 1622 1620 1619 1619 1620 1622 1623 1624 1624 1623 1621 1621 1623 1625 1624 1620 1616 1616 1618 1617 1616 1614 1613 1614 1616 1616 1615 1614 1615
1638 1637 1635 1634 1632 1630 1628 1630 1631 1632 1631 1628 1626 1625 1627 1629 1629 1628 1628 1627 1628 1628 1628 1629 1629 1628 1625 1625 1624 1625 1623 1622 1622 1621 1621 1622 1622 1622 1621 1621 1622 1622 1622 1622 1624 1623 1621 1619 1619 1621 1623 1623 1622 1622 1621 1620 1620 1620 1623 1623 1619 1615 1616 1617 1617 1615 1613 1612 1613 1613 1614 1613 1613 1613
1639 1637 1635 1635 1634 1631 1628 1627 1629 1629 1629 1629 1627 1625 1626 1628 1628 1628 1629 1631 1630 1629 1628 1630 1631 1629 1626 1623 1623 1622 1621 1620 1620 1621 1621 1620 1619 1615 1617 1618 1622 1622 1619 1619 1621 1622 1619 1618 1620 1622 1623 1622 1622 1620 1620 1619 1617 1617 1620 1620 1617 1615 1614 1615 1614 1615 1613 1612 1612 1613 1611 1612 1613 1613
1640 1638 1635 1635 1635 1634 1631 1630 1628 1627 1628 1630 1629 1628 1628 1628 1628 1627 1629 1629 1629 1628 1629 1631 1632 1631 1627 1625 1624 1623 1620 1619 1619 1620 1621 1621 1618 1616 1615 1619 1621 1619 1615 1614 1618 1617 1618 1619 1620 1622 1622 1622 1619 1618 1618 1617 1615 1615 1617 1617 1616 1615 1616 1614 1613 1613 1614 1613 1614 1613 1612 1613 1613 1613
1639 1638 1636 1635 1635 1634 1634 1633 1630 1628 1628 1630 1631 1629 1628 1628 1627 1626 1625 1623 1623 1626 1629 1631 1631 1629 1627 1625 1626 1623 1621 1618 1618 1620 1622 1622 1621 1618 1617 1618 1620 1617 1613 1613 1617 1619 1619 1619 1620 1619 1619 1618 1617 1616 1616 1616 1615 1614 1615 1616 1615 1617 1617 1615 1613 1612 1613 1612 1614 1613 1612 1613 1613 1613
1637 1637 1637 1636 1634 1634 1634 1634 1632 1629 1629 1630 1631 1630 1629 1628 1627 1627 1625 1623 1621 1624 1627 1629 1626 1625 1624 1624 1625 1623 1619 1618 1619 1621 1623 1623 1621 1620 1619 1621 1620 1618 1614 1615 1617 1620 1620 1619 1618 1617 1616 1615 1613 1613 1614 1614 1614 1614 1615 1615 1615 1617 1618 1616 1614 1613 1613 1613 1613 1613 1612 1612 1613 1612
1633 1632 1632 1633 1632 1631 1632 1632 1632 1630 1631 1633 1635 1634 1633 1634 1632 1631 1629 1626 1625 1627 1628 1628 1626 1623 1624 1625 1625 1623 1620 1619 1621 1623 1623 1622 1620 1619 1622 1624 1626 1622 1619 1616 1617 1618 1619 1618 1618 1617 1616 1614 1612 1611 1612 1612 1612 1614 1616 1616 1615 1616 1617 1616 1615 1615 1614 1614 1614 1612 1612 1612 1612 1611
1629 1628 1628 1629 1629 1630 1631 1632 1632 1632 1633 1637 1639 1638 1638 1638 1639 1635 1632 1629 1629 1627 1629 1630 1628 1624 1623 1625 1625 1623 1621 1619 1622 1623 1624 1623 1621 1619 1620 1629 1629 1627 1622 1620 1619 1619 1619 1619 1618 1617 1616 1616 1613 1611 1611 1611 1612 1614 1616 1617 1616 1616 1617 1617 1616 1615 1615 1614 1613 1613 1612 1613 1612 1611
1629 1628 1627 1628 1632 1636 1637 1633 1634 1635 1636 1640 1643 1644 1645 1644 1643 1641 1638 1638 1633 1631 1632 1634 1632 1627 1624 1623 1624 1624 1623 1622 1622 1624 1625 1626 1623 1619 1620 1626 1629 1625 1622 1621 1620 1619 1619 1618 1617 1616 1616 1615 1614 1612 1611 1611 1612 1613 1616 1617 1617 1618 1618 1618 1616 1614 1615 1614 1613 1612 1614 1614 1614 1612
1632 1633 1635 1634 1638 1641 1646 1642 1640 1642 1643 1642 1644 1647 1648 1647 1643 1643 1646 1647 1643 1635 1637 1639 1637 1634 1629 1625 1623 1625 1625 1624 1624 1624 1626 1625 1623 1620 1620 1623 1624 1622 1620 1619 1619 1618 1618 1617 1616 1615 1615 1614 1614 1614 1612 1612 1612 1613 1614 1616 1617 1619 1620 1620 1617 1616 1615 1615 1613 1612 1612 1615 1614 1614
1640 1645 1646 1646 1646 1650 1651 1651 1650 1650 1646 1645 1645 1647 1647 1646 1645 1644 1646 1649 1644 1640 1639 1639 1640 1639 1636 1629 1625 1623 1625 1626 1625 1623 1622 1622 1621 1619 1618 1620 1620 1620 1619 1619 1619 1617 1617 1616 1615 1614 1614 1613 1613 1613 1614 1613 1613 1613 1613 1613 1615 1617 1620 1619 1619 1616 1616 1616 1614 1611 1610 1611 1613 1612
1650 1650 1651 1650 1650 1653 1654 1654 1653 1649 1647 1645 1646 1645 1644 1643 1642 1642 1643 1645 1643 1641 1640 1640 1640 1640 1636 1630 1624 1623 1624 1625 1623 1620 1618 1618 1619 1617 1617 1617 1617 1618 1619 1619 1617 1616 1615 1615 1614 1613 1612 1611 1612 1613 1613 1614 1614 1613 1612 1611 1612 1615 1617 1617 1613 1613 1612 1613 1613 1611 1606 1607 1608 1609
1650 1652 1653 1654 1654 1654 1654 1654 1652 1650 1647 1644 1644 1643 1642 1639 1639 1638 1639 1640 1640 1640 1640 1641 1640 1638 1634 1627 1622 1621 1620 1620 1619 1618 1618 1618 1619 1618 1617 1617 1617 1617 1617 1617 1616 1615 1615 1614 1613 1612 1611 1610 1612 1613 1614 1614 1616 1615 1611 1609 1611 1615 1617 1615 1612 1611 1609 1609 1610 1610 1607 1605 1606 1607
1650 1654 1655 1656 1655 1654 1653 1653 1652 1649 1644 1642 1640 1639 1636 1636 1635 1634 1634 1636 1636 1636 1637 1638 1637 1634 1630 1626 1622 1622 1619 1618 1619 1620 1620 1620 1620 1619 1619 1619 1618 1616 1616 1616 1616 1616 1616 1616 1615 1615 1613 1612 1613 1614 1613 1614 1614 1613 1612 1610 1611 1614 1617 1616 1616 1615 1612 1608 1609 1611 1610 1608 1605 1606
1650 1652 1653 1652 1651 1650 1650 1649 1649 1645 1643 1640 1636 1635 1634 1633 1633 1632 1633 1633 1633 1632 1632 1634 1634 1630 1627 1626 1625 1623 1622 1621 1621 1623 1623 1621 1620 1622 1622 1621 1620 1618 1617 1616 1617 1617 1618 1618 1618 1617 1616 1613 1615 1615 1615 1614 1613 1612 1612 1612 1613 1614 1615 1615 1615 1614 1612 1611 1611 1612 1611 1607 1605 1606
1644 1646 1648 1648 1648 1648 1648 1648 1646 1644 1642 1638 1633 1631 1631 1631 1631 1631 1632 1632 1632 1630 1630 1631 1629 1628 1627 1627 1627 1625 1623 1623 1623 1624 1622 1620 1619 1621 1623 1622 1621 1621 1619 1617 1616 1616 1616 1617 1618 1617 1613 1611 1613 1615 1615 1615 1612 1611 1611 1613 1614 1613 1613 1613 1613 1615 1613 1613 1613 1612 1610 1608 1607 1608
1641 1643 1645 1647 1648 1647 1647 1646 1644 1640 1638 1634 1629 1628 1629 1630 1630 1631 1632 1631 1629 1627 1627 1627 1625 1625 1625 1627 1626 1623 1622 1622 1623 1622 1621 1619 1619 1620 1621 1621 1620 1621 1620 1618 1616 1615 1616 1615 1615 1613 1607 1604 1610 1614 1616 1617 1615 1611 1610 1610 1610 1611 1611 1612 1615 1616 1617 1615 1613 1610 1607 1609 1613 1611
1639 1640 1644 1643 1643 1643 1642 1642 1639 1636 1633 1632 1629 1628 1629 1629 1628 1627 1629 1628 1625 1624 1623 1623 1622 1622 1624 1623 1622 1621 1621 1622 1622 1622 1621 1620 1618 1617 1617 1618 1619 1620 1619 1617 1616 1617 1618 1618 1614 1610 1603 1601 1600 1608 1614 1620 1617 1613 1610 1608 1609 1610 1610 1612 1614 1618 1618 1616 1611 1606 1605 1609 1612 1610
1635 1634 1637 1636 1636 1636 1638 1636 1634 1632 1630 1629 1628 1628 1629 1628 1626 1625 1625 1625 1622 1620 1620 1620 1619 1621 1622 1621 1621 1621 1623 1623 1623 1623 1622 1621 1618 1615 1615 1617 1619 1618 1617 1617 1617 1618 1619 1619 1615 1612 1610 1608 1604 1603 1613 1620 1619 1617 1614 1612 1611 1611 1610 1609 1611 1612 1615 1614 1611 1605 1605 1607 1608 1602
1632 1632 1633 1633 1633 1634 1633 1631 1629 1627 1626 1626 1626 1627 1628 1627 1625 1624 1623 1623 1622 1621 1620 1619 1620 1622 1622 1621 1622 1624 1624 1623 1623 1622 1622 1621 1618 1615 1615 1617 1617 1617 1615 1615 1616 1617 1618 1617 1615 1614 1615 1615 1612 1611 1617 1621 1622 1620 1618 1613 1611 1610 1609 1609 1607 1609 1611 1612 1611 1610 1607 1606 1605 1604
1631 1631 1632 1632 1632 1631 1629 1628 1627 1625 1624 1625 1625 1625 1624 1624 1623 1622 1622 1622 1623 1622 1622 1621 1622 1623 1622 1621 1623 1624 1624 1622 1619 1618 1618 1619 1617 1615 1614 1615 1616 1616 1616 1615 1616 1616 1616 1615 1616 1615 1616 1616 1615 1615 1618 1618 1616 1614 1611 1609 1607 1608 1609 1610 1610 1609 1610 1609 1609 1608 1608 1606 1605 1606
1631 1630 1631 1631 1630 1628 1626 1627 1627 1627 1627 1626 1627 1626 1623 1621 1621 1622 1622 1624 1625 1625 1623 1621 1620 1620 1620 1620 1622 1624 1624 1622 1619 1616 1616 1616 1616 1615 1615 1616 1616 1617 1617 1617 1616 1616 1616 1616 1617 1617 1617 1616 1616 1616 1617 1615 1611 1608 1607 1606 1607 1607 1608 1611 1612 1612 1611 1608 1605 1606 1606 1605 1606 1607
1631 1630 1630 1629 1628 1627 1626 1627 1628 1628 1627 1626 1626 1626 1622 1620 1620 1621 1623 1624 1626 1625 1622 1619 1617 1616 1617 1620 1624 1624 1623 1621 1618 1617 1616 1616 1618 1617 1617 1617 1617 1617 1617 1616 1616 1616 1618 1618 1618 1616 1616 1616 1616 1616 1617 1617 1617 1615 1613 1613 1612 1610 1609 1610 1612 1613 1611 1608 1606 1604 1605 1605 1606 1607
1630 1629 1628 1627 1627 1627 1627 1627 1627 1626 1624 1623 1623 1623 1624 1622 1620 1620 1621 1623 1624 1623 1621 1620 1618 1615 1615 1620 1623 1624 1622 1620 1618 1617 1618 1618 1619 1619 1618 1617 1617 1616 1616 1615 1614 1615 1618 1620 1619 1617 1615 1616 1616 1616 1616 1617 1618 1618 1616 1614 1614 1611 1611 1610 1611 1612 1611 1609 1607 1607 1607 1608 1608 1608
