notebooks/landlab-terrainbento/coupled_process_elements/DEMData/SRTMGL1_40.015_-105.3_40.065_-105.25.tif
ncols        180
nrows        180
xllcorner    -105.300138888879
yllcorner    40.015138888886
cellsize     0.000277777778
NODATA_value -32768
[rows 0 to 37 of 180, columns 84 to 167 of 180]
1683 1681 1681 1681 1681 1679 1678 1680 1681 1681 1680 1677 1677 1676 1674 1671 1670 1669 1666 1664 1663 1663 1666 1665 1662 1659 1658 1659 1661 1664 1666 1665 1661 1658 1657 1657 1656 1654 1653 1652 1649 1645 1643 1642 1643 1645 1648 1651 1653 1653 1654 1652 1647 1644 1645 1644 1644 1643 1644 1644 1645 1644 1643 1642 1641 1640 1640 1643 1645 1645 1644 1647 1651 1649 1646 1643 1642 1644 1645 1644 1642 1643 1646 1646
1680 1679 1683 1687 1687 1682 1678 1674 1674 1678 1679 1680 1679 1679 1677 1675 1672 1670 1668 1665 1662 1662 1663 1664 1660 1658 1659 1660 1661 1663 1664 1665 1661 1659 1658 1658 1658 1657 1656 1655 1653 1648 1644 1641 1641 1643 1646 1649 1651 1651 1648 1646 1645 1644 1644 1643 1640 1641 1641 1642 1642 1641 1640 1640 1642 1641 1640 1640 1641 1642 1642 1643 1644 1644 1643 1640 1640 1638 1638 1638 1636 1636 1638 1640
1683 1683 1686 1691 1689 1684 1677 1672 1671 1675 1680 1679 1678 1679 1678 1676 1672 1669 1668 1666 1663 1662 1662 1663 1664 1664 1663 1664 1663 1662 1663 1665 1664 1663 1661 1661 1660 1659 1658 1657 1657 1654 1652 1647 1646 1647 1647 1651 1654 1646 1641 1640 1640 1640 1640 1639 1638 1637 1638 1638 1638 1636 1636 1638 1640 1640 1639 1638 1638 1637 1637 1640 1640 1640 1638 1638 1636 1636 1636 1637 1635 1634 1636 1637
1691 1691 1689 1688 1689 1684 1678 1674 1674 1678 1680 1680 1680 1681 1683 1676 1670 1670 1672 1673 1669 1667 1665 1668 1671 1670 1670 1667 1665 1663 1663 1665 1667 1667 1666 1665 1663 1662 1662 1663 1664 1663 1662 1659 1660 1659 1657 1657 1654 1646 1640 1636 1634 1636 1636 1637 1635 1634 1634 1634 1634 1633 1633 1634 1636 1637 1637 1637 1637 1636 1635 1637 1640 1638 1636 1635 1635 1634 1633 1631 1630 1630 1632 1630
1695 1693 1690 1687 1686 1683 1678 1678 1679 1681 1681 1680 1681 1684 1685 1681 1679 1680 1680 1677 1672 1667 1665 1667 1671 1673 1671 1671 1670 1668 1667 1668 1669 1669 1670 1668 1666 1665 1665 1666 1665 1664 1665 1665 1667 1668 1664 1659 1656 1651 1647 1642 1642 1640 1641 1639 1637 1634 1633 1634 1632 1631 1631 1632 1634 1634 1634 1635 1636 1636 1634 1634 1635 1634 1631 1630 1630 1628 1625 1625 1626 1628 1625 1624
1690 1689 1688 1688 1687 1684 1680 1679 1681 1683 1684 1680 1679 1681 1681 1681 1681 1681 1677 1672 1668 1664 1663 1666 1667 1667 1667 1667 1672 1674 1671 1668 1669 1671 1670 1668 1666 1664 1664 1664 1664 1665 1665 1665 1664 1663 1662 1660 1660 1657 1652 1655 1651 1650 1647 1645 1643 1640 1638 1637 1637 1634 1635 1635 1635 1635 1633 1633 1633 1631 1629 1627 1626 1625 1626 1626 1625 1625 1625 1625 1626 1623 1622 1621
1688 1689 1690 1689 1686 1683 1681 1680 1682 1683 1681 1678 1676 1675 1676 1678 1679 1678 1673 1668 1666 1664 1664 1667 1667 1666 1665 1667 1669 1671 1670 1669 1668 1667 1666 1663 1661 1661 1663 1665 1666 1666 1666 1664 1662 1660 1660 1661 1662 1660 1656 1653 1654 1652 1651 1648 1647 1646 1645 1646 1645 1646 1644 1641 1639 1638 1636 1633 1630 1628 1625 1623 1623 1626 1627 1627 1625 1623 1623 1623 1622 1621 1619 1620
1688 1690 1688 1685 1683 1682 1682 1683 1682 1682 1681 1680 1678 1677 1678 1679 1680 1676 1670 1667 1664 1662 1665 1667 1669 1668 1667 1665 1664 1665 1668 1668 1664 1660 1659 1658 1660 1661 1661 1664 1665 1665 1664 1663 1662 1660 1659 1662 1664 1661 1657 1652 1650 1651 1650 1649 1649 1649 1650 1651 1654 1652 1651 1648 1644 1641 1639 1635 1631 1629 1626 1624 1624 1628 1630 1630 1626 1624 1624 1622 1623 1624 1624 1623
1689 1688 1686 1684 1682 1682 1684 1684 1684 1684 1683 1681 1680 1680 1681 1683 1682 1679 1676 1671 1667 1666 1666 1670 1672 1672 1671 1666 1663 1666 1670 1668 1664 1661 1660 1661 1662 1663 1663 1663 1664 1663 1664 1663 1662 1661 1662 1663 1664 1662 1658 1655 1653 1653 1653 1653 1653 1651 1650 1655 1658 1656 1657 1655 1650 1643 1641 1637 1633 1634 1633 1629 1627 1629 1630 1631 1630 1628 1625 1628 1631 1632 1632 1631
1688 1687 1686 1684 1683 1683 1684 1685 1685 1685 1684 1682 1680 1680 1682 1682 1682 1681 1679 1676 1673 1672 1673 1672 1672 1672 1671 1670 1669 1671 1674 1672 1668 1666 1666 1664 1664 1664 1664 1664 1663 1663 1662 1663 1664 1665 1664 1663 1661 1660 1658 1655 1654 1655 1655 1655 1655 1653 1654 1656 1659 1659 1656 1653 1650 1649 1644 1639 1638 1638 1637 1634 1631 1632 1634 1633 1633 1631 1634 1636 1639 1639 1637 1635
1687 1687 1687 1687 1685 1684 1682 1682 1682 1683 1682 1680 1679 1678 1679 1679 1678 1679 1679 1676 1674 1675 1675 1674 1672 1671 1672 1673 1673 1673 1674 1673 1671 1670 1666 1665 1664 1664 1664 1664 1664 1663 1663 1664 1666 1665 1664 1661 1658 1657 1656 1653 1651 1652 1653 1654 1653 1654 1656 1659 1658 1654 1653 1651 1651 1649 1648 1644 1640 1641 1640 1638 1636 1637 1637 1637 1637 1638 1639 1641 1640 1637 1636 1636
1685 1687 1687 1686 1683 1681 1679 1677 1678 1678 1678 1676 1674 1674 1674 1674 1675 1675 1673 1671 1670 1674 1676 1675 1674 1673 1674 1674 1674 1673 1670 1669 1669 1667 1665 1665 1665 1664 1664 1665 1667 1668 1668 1668 1665 1664 1663 1661 1658 1656 1653 1651 1649 1650 1651 1651 1651 1653 1656 1655 1654 1651 1651 1652 1651 1651 1649 1645 1643 1641 1641 1640 1640 1639 1639 1640 1640 1641 1641 1641 1640 1640 1639 1639
1685 1685 1684 1682 1679 1678 1677 1677 1675 1675 1675 1675 1675 1674 1672 1672 1671 1668 1666 1665 1671 1675 1677 1676 1675 1673 1673 1674 1673 1669 1665 1663 1663 1663 1664 1665 1666 1665 1666 1668 1670 1670 1669 1668 1665 1663 1663 1662 1658 1653 1650 1649 1650 1650 1651 1652 1652 1653 1654 1653 1649 1647 1648 1649 1650 1649 1648 1645 1643 1640 1639 1640 1641 1642 1641 1639 1640 1641 1640 1640 1640 1640 1641 1641
1686 1686 1686 1684 1680 1679 1679 1677 1675 1675 1675 1677 1678 1678 1676 1673 1670 1668 1666 1668 1671 1676 1676 1673 1670 1670 1670 1669 1668 1664 1662 1661 1660 1660 1663 1664 1666 1666 1668 1670 1670 1669 1668 1666 1663 1662 1662 1661 1657 1654 1653 1653 1652 1651 1651 1652 1654 1654 1654 1651 1647 1645 1645 1646 1647 1647 1647 1647 1646 1644 1643 1643 1645 1646 1643 1641 1640 1640 1640 1638 1637 1638 1639 1640
1687 1687 1686 1686 1683 1680 1679 1678 1676 1675 1675 1677 1679 1679 1677 1674 1670 1667 1668 1670 1672 1672 1671 1668 1667 1666 1667 1668 1667 1666 1664 1662 1660 1659 1662 1665 1666 1666 1668 1671 1673 1673 1668 1664 1662 1660 1659 1657 1656 1656 1656 1656 1654 1653 1653 1654 1654 1654 1651 1649 1648 1647 1647 1646 1648 1649 1651 1652 1651 1650 1647 1647 1647 1647 1646 1643 1641 1640 1640 1640 1640 1639 1639 1640
1685 1683 1683 1683 1682 1680 1680 1680 1677 1674 1675 1677 1678 1678 1677 1674 1669 1666 1667 1669 1670 1670 1669 1665 1663 1664 1666 1667 1666 1665 1662 1660 1657 1659 1662 1665 1666 1666 1668 1669 1670 1667 1663 1663 1662 1661 1659 1657 1656 1656 1656 1655 1654 1655 1656 1657 1655 1651 1648 1648 1649 1649 1649 1649 1649 1652 1652 1653 1651 1650 1649 1647 1646 1646 1645 1643 1640 1639 1641 1643 1642 1641 1640 1639
1685 1683 1681 1681 1679 1680 1681 1681 1679 1678 1678 1678 1678 1678 1676 1673 1667 1666 1667 1668 1670 1672 1669 1666 1666 1666 1667 1665 1663 1660 1657 1656 1656 1659 1663 1666 1667 1666 1666 1667 1665 1663 1661 1662 1663 1663 1661 1660 1657 1654 1653 1653 1655 1656 1657 1656 1654 1651 1649 1648 1648 1649 1649 1648 1649 1649 1648 1648 1647 1647 1647 1645 1644 1645 1645 1643 1639 1639 1640 1640 1639 1639 1639 1639
1685 1684 1683 1682 1683 1684 1683 1682 1682 1682 1681 1682 1682 1679 1675 1669 1669 1668 1668 1668 1669 1671 1671 1669 1667 1667 1664 1662 1659 1657 1656 1658 1660 1664 1667 1669 1667 1667 1667 1667 1666 1662 1660 1661 1662 1662 1660 1658 1655 1652 1650 1652 1654 1656 1654 1651 1649 1648 1648 1647 1647 1648 1649 1649 1647 1646 1645 1644 1644 1644 1643 1642 1642 1643 1643 1642 1640 1641 1642 1640 1639 1641 1642 1643
1686 1686 1685 1685 1685 1685 1685 1684 1682 1680 1682 1684 1686 1680 1674 1672 1670 1672 1670 1667 1666 1668 1669 1669 1668 1666 1662 1658 1657 1657 1659 1661 1665 1668 1671 1670 1670 1671 1670 1669 1666 1663 1661 1661 1662 1660 1659 1657 1655 1652 1651 1651 1654 1655 1652 1650 1648 1646 1646 1646 1646 1648 1650 1650 1649 1647 1645 1644 1644 1645 1645 1645 1644 1642 1642 1639 1640 1642 1644 1644 1643 1644 1647 1644
1688 1687 1686 1685 1684 1684 1683 1681 1679 1679 1681 1683 1682 1679 1675 1673 1674 1675 1674 1672 1671 1670 1669 1668 1667 1664 1660 1660 1659 1661 1659 1660 1664 1667 1671 1675 1674 1671 1669 1667 1665 1663 1662 1663 1662 1660 1658 1658 1657 1656 1653 1653 1654 1655 1654 1652 1651 1649 1646 1644 1644 1647 1648 1649 1648 1647 1645 1643 1641 1640 1647 1651 1646 1644 1641 1640 1640 1642 1643 1642 1642 1643 1644 1645
1686 1685 1685 1685 1684 1683 1680 1678 1677 1678 1680 1680 1679 1677 1674 1673 1674 1674 1675 1676 1674 1672 1669 1669 1666 1663 1662 1663 1666 1665 1662 1660 1662 1667 1670 1673 1671 1668 1665 1665 1664 1664 1663 1662 1660 1657 1657 1657 1659 1657 1655 1653 1653 1653 1651 1651 1651 1649 1645 1643 1642 1645 1647 1646 1645 1645 1643 1641 1638 1640 1644 1646 1647 1642 1641 1639 1640 1641 1641 1640 1638 1638 1641 1644
1685 1684 1684 1684 1684 1683 1681 1678 1678 1679 1681 1681 1679 1677 1673 1671 1672 1672 1674 1675 1674 1669 1668 1667 1667 1666 1665 1668 1671 1673 1667 1665 1667 1670 1673 1670 1668 1663 1662 1661 1661 1661 1661 1659 1658 1658 1657 1656 1656 1657 1655 1653 1651 1651 1650 1651 1651 1650 1646 1642 1643 1647 1648 1647 1646 1645 1643 1642 1641 1639 1643 1646 1643 1641 1640 1641 1639 1635 1636 1634 1633 1636 1642 1646
1686 1684 1682 1682 1683 1682 1681 1680 1679 1681 1683 1683 1680 1676 1672 1672 1672 1674 1673 1675 1674 1669 1668 1669 1670 1669 1669 1671 1675 1674 1673 1670 1670 1671 1670 1668 1666 1664 1662 1660 1659 1657 1655 1655 1658 1659 1657 1654 1652 1653 1653 1651 1652 1653 1654 1656 1656 1653 1648 1644 1645 1649 1650 1649 1648 1647 1645 1644 1645 1645 1644 1643 1641 1641 1642 1641 1638 1636 1634 1634 1635 1639 1644 1646
1686 1684 1682 1682 1682 1683 1682 1680 1679 1681 1682 1680 1677 1674 1672 1672 1673 1674 1674 1675 1674 1673 1671 1670 1669 1671 1671 1672 1673 1674 1672 1670 1669 1667 1667 1666 1665 1665 1663 1661 1659 1656 1654 1653 1655 1657 1655 1651 1649 1650 1652 1652 1652 1654 1654 1655 1657 1656 1652 1650 1651 1651 1650 1647 1646 1645 1646 1646 1646 1645 1643 1644 1645 1645 1645 1645 1645 1643 1643 1641 1640 1641 1643 1643
1685 1684 1682 1682 1682 1682 1681 1680 1679 1679 1679 1677 1675 1673 1672 1672 1673 1674 1673 1673 1674 1674 1674 1668 1668 1671 1673 1672 1672 1672 1671 1669 1666 1666 1666 1665 1665 1665 1663 1660 1660 1658 1657 1657 1658 1656 1652 1649 1649 1651 1654 1655 1656 1652 1648 1650 1659 1662 1660 1659 1653 1650 1647 1644 1641 1644 1645 1645 1645 1644 1642 1644 1648 1648 1648 1649 1648 1647 1644 1642 1641 1641 1642 1641
1684 1684 1683 1682 1681 1680 1680 1679 1678 1679 1678 1677 1675 1675 1673 1673 1674 1673 1672 1672 1672 1673 1672 1671 1668 1668 1671 1670 1668 1669 1669 1667 1665 1665 1664 1664 1664 1664 1662 1660 1660 1660 1660 1659 1659 1658 1655 1656 1656 1661 1665 1666 1660 1653 1645 1644 1650 1655 1656 1651 1649 1647 1643 1640 1641 1642 1642 1642 1642 1643 1644 1645 1650 1651 1650 1647 1644 1641 1639 1638 1640 1641 1642 1642
1683 1683 1683 1682 1681 1680 1679 1678 1678 1677 1677 1676 1675 1675 1675 1674 1674 1673 1672 1671 1670 1670 1672 1672 1671 1671 1669 1668 1667 1667 1666 1664 1663 1663 1663 1662 1661 1661 1660 1659 1660 1660 1660 1659 1659 1658 1660 1660 1661 1663 1666 1665 1661 1654 1648 1645 1649 1651 1650 1646 1644 1643 1642 1642 1642 1641 1640 1640 1643 1645 1645 1645 1648 1648 1646 1643 1641 1639 1638 1637 1638 1640 1640 1637
1681 1681 1682 1681 1680 1679 1679 1678 1676 1676 1676 1675 1675 1675 1675 1675 1675 1674 1673 1671 1670 1670 1671 1671 1670 1669 1668 1667 1666 1666 1664 1663 1662 1663 1662 1661 1660 1659 1659 1658 1658 1659 1658 1659 1659 1659 1660 1660 1660 1663 1666 1666 1662 1658 1653 1649 1650 1651 1648 1644 1641 1639 1641 1641 1640 1639 1641 1645 1647 1648 1646 1645 1645 1647 1649 1647 1644 1642 1638 1635 1635 1635 1635 1634
1682 1681 1682 1681 1681 1679 1678 1677 1676 1676 1676 1676 1675 1675 1675 1674 1674 1673 1672 1671 1671 1671 1671 1670 1669 1669 1668 1667 1666 1664 1664 1663 1664 1663 1663 1662 1661 1660 1657 1655 1655 1655 1657 1658 1658 1659 1660 1660 1661 1664 1665 1665 1663 1660 1656 1653 1653 1652 1650 1645 1642 1642 1641 1639 1637 1641 1647 1654 1655 1651 1649 1646 1648 1651 1653 1651 1648 1645 1642 1638 1635 1636 1637 1635
1682 1681 1681 1681 1681 1680 1678 1677 1677 1675 1675 1675 1675 1676 1675 1674 1672 1671 1671 1671 1672 1672 1671 1670 1669 1668 1669 1669 1666 1665 1664 1664 1663 1662 1661 1661 1659 1658 1657 1656 1655 1657 1657 1657 1658 1659 1660 1660 1661 1662 1662 1663 1663 1659 1656 1653 1653 1653 1655 1651 1647 1644 1638 1633 1635 1643 1654 1658 1655 1651 1648 1646 1647 1651 1650 1648 1648 1648 1646 1641 1637 1639 1640 1640
1680 1680 1680 1680 1679 1679 1679 1678 1677 1675 1674 1674 1675 1676 1676 1674 1672 1670 1671 1671 1671 1671 1670 1669 1668 1668 1669 1669 1667 1664 1663 1662 1661 1661 1660 1659 1659 1660 1660 1659 1659 1658 1655 1655 1658 1661 1663 1663 1661 1659 1659 1661 1661 1657 1654 1651 1650 1653 1655 1653 1647 1642 1637 1636 1637 1641 1644 1647 1647 1647 1644 1641 1641 1645 1646 1645 1645 1645 1643 1640 1638 1640 1642 1643
1679 1680 1680 1680 1679 1679 1678 1678 1677 1675 1674 1675 1675 1676 1676 1675 1673 1672 1672 1671 1670 1670 1669 1668 1668 1668 1669 1669 1668 1665 1663 1662 1660 1660 1660 1660 1661 1663 1663 1662 1660 1658 1655 1653 1657 1664 1666 1663 1660 1658 1659 1659 1659 1657 1652 1649 1647 1648 1649 1646 1645 1646 1645 1642 1639 1639 1640 1641 1643 1644 1643 1640 1641 1642 1644 1643 1642 1642 1642 1643 1642 1643 1645 1646
1680 1681 1682 1681 1680 1679 1678 1678 1677 1676 1676 1675 1675 1675 1675 1674 1673 1672 1672 1671 1669 1669 1669 1669 1668 1668 1668 1669 1668 1666 1664 1662 1660 1661 1662 1662 1663 1664 1664 1663 1660 1657 1655 1653 1655 1659 1660 1658 1658 1659 1657 1656 1655 1654 1652 1650 1649 1647 1646 1647 1648 1648 1647 1642 1639 1640 1645 1647 1647 1647 1648 1645 1643 1644 1645 1643 1642 1642 1644 1644 1645 1645 1645 1646
1680 1681 1682 1681 1679 1679 1678 1676 1676 1676 1675 1674 1672 1672 1672 1671 1671 1672 1671 1670 1669 1669 1669 1669 1668 1666 1666 1667 1667 1667 1665 1663 1662 1661 1662 1662 1662 1663 1663 1662 1659 1657 1655 1654 1653 1652 1653 1655 1655 1655 1653 1651 1653 1653 1655 1656 1655 1653 1650 1648 1649 1649 1647 1644 1641 1645 1649 1651 1653 1653 1652 1648 1643 1645 1646 1646 1644 1643 1642 1643 1642 1642 1642 1641
1679 1680 1679 1678 1678 1677 1676 1674 1673 1673 1672 1671 1670 1669 1669 1668 1670 1671 1671 1670 1669 1669 1669 1669 1666 1664 1663 1664 1665 1666 1667 1666 1663 1661 1660 1661 1662 1661 1661 1659 1656 1654 1655 1654 1653 1653 1654 1655 1655 1653 1651 1652 1652 1654 1657 1659 1659 1655 1652 1650 1649 1648 1647 1646 1646 1646 1648 1650 1651 1651 1649 1644 1642 1643 1646 1649 1649 1644 1642 1640 1639 1639 1639 1639
1679 1679 1679 1678 1678 1679 1677 1674 1671 1670 1670 1670 1671 1671 1670 1669 1670 1672 1672 1671 1670 1670 1669 1668 1666 1664 1663 1664 1664 1666 1668 1666 1664 1660 1659 1661 1662 1662 1660 1658 1656 1654 1652 1652 1652 1652 1654 1655 1655 1655 1653 1652 1653 1656 1659 1661 1656 1652 1650 1649 1648 1646 1646 1646 1648 1649 1648 1646 1646 1646 1645 1644 1644 1644 1647 1651 1650 1648 1644 1642 1639 1635 1636 1637
1679 1679 1678 1678 1679 1679 1677 1674 1672 1672 1673 1674 1674 1673 1672 1670 1670 1671 1672 1671 1671 1671 1670 1668 1665 1665 1665 1665 1666 1667 1668 1667 1665 1662 1662 1662 1662 1661 1660 1659 1658 1656 1654 1652 1652 1654 1655 1656 1655 1653 1652 1651 1651 1655 1659 1657 1653 1650 1649 1649 1649 1648 1646 1648 1650 1649 1646 1642 1643 1644 1645 1645 1645 1643 1642 1644 1645 1643 1645 1646 1642 1638 1636 1637
1678 1679 1679 1679 1679 1678 1676 1675 1673 1675 1677 1676 1674 1673 1672 1671 1669 1669 1669 1670 1670 1670 1668 1665 1665 1665 1665 1665 1666 1666 1666 1665 1664 1664 1664 1664 1663 1661 1661 1662 1660 1657 1655 1655 1657 1658 1658 1656 1655 1652 1651 1650 1651 1653 1654 1652 1650 1649 1649 1649 1650 1649 1647 1647 1649 1649 1645 1643 1643 1644 1645 1646 1644 1641 1639 1638 1638 1639 1642 1644 1645 1640 1638 1638
