notebooks/landlab-terrainbento/coupled_process_elements/DEMData/SRTMGL1_40.015_-105.3_40.065_-105.25.tif
ncols        180
nrows        180
xllcorner    -105.300138888879
yllcorner    40.015138888886
cellsize     0.000277777778
NODATA_value -32768
[rows 114 to 151 of 180, columns 0 to 83 of 180]
1853 1846 1842 1837 1830 1822 1818 1814 1810 1807 1810 1814 1817 1818 1815 1805 1788 1774 1764 1755 1747 1737 1729 1719 1712 1707 1702 1701 1698 1692 1686 1686 1684 1682 1681 1680 1677 1675 1673 1672 1671 1672 1673 1673 1672 1672 1671 1670 1670 1670 1669 1668 1666 1665 1663 1662 1663 1664 1663 1662 1660 1660 1662 1663 1662 1660 1654 1652 1652 1651 1649 1649 1652 1655 1651 1646 1642 1644 1651 1657 1660 1656 1655 1655
1848 1842 1836 1831 1823 1818 1814 1810 1804 1802 1803 1808 1813 1816 1814 1803 1788 1774 1763 1755 1747 1739 1727 1719 1711 1706 1703 1702 1698 1690 1686 1684 1683 1682 1682 1681 1678 1676 1674 1673 1672 1671 1671 1670 1668 1669 1668 1667 1667 1668 1667 1665 1664 1662 1662 1663 1664 1664 1662 1661 1660 1661 1660 1661 1663 1662 1660 1655 1652 1651 1650 1649 1651 1651 1648 1642 1642 1646 1651 1653 1649 1648 1648 1650
1850 1840 1831 1824 1820 1815 1811 1806 1802 1799 1800 1803 1808 1816 1816 1809 1796 1780 1767 1757 1747 1733 1725 1718 1709 1704 1701 1700 1696 1691 1688 1686 1685 1683 1684 1682 1680 1676 1674 1674 1673 1671 1669 1668 1668 1668 1668 1667 1666 1666 1667 1666 1664 1663 1663 1664 1664 1662 1660 1659 1659 1659 1658 1660 1662 1662 1659 1656 1655 1653 1652 1653 1652 1651 1649 1646 1642 1647 1650 1648 1645 1644 1646 1646
1853 1843 1833 1823 1819 1816 1809 1803 1801 1799 1798 1801 1806 1812 1815 1811 1799 1785 1770 1756 1743 1734 1725 1715 1707 1701 1700 1698 1694 1689 1688 1687 1685 1684 1683 1682 1679 1676 1672 1673 1672 1671 1670 1668 1667 1667 1667 1667 1666 1665 1665 1667 1667 1664 1663 1663 1663 1662 1660 1659 1659 1658 1657 1659 1659 1658 1656 1656 1656 1656 1655 1655 1655 1656 1655 1652 1649 1648 1648 1648 1646 1646 1645 1642
1857 1844 1834 1824 1817 1814 1811 1805 1801 1799 1797 1798 1803 1809 1814 1809 1797 1783 1769 1757 1747 1737 1723 1715 1707 1705 1702 1699 1693 1687 1686 1686 1685 1683 1682 1681 1680 1677 1674 1673 1672 1670 1669 1668 1666 1665 1664 1664 1663 1663 1665 1668 1668 1664 1662 1662 1661 1661 1661 1661 1660 1659 1657 1658 1657 1655 1653 1654 1656 1656 1656 1656 1657 1658 1658 1656 1652 1651 1650 1649 1648 1646 1643 1641
1852 1841 1833 1822 1817 1811 1808 1804 1800 1798 1795 1795 1799 1808 1812 1808 1797 1782 1768 1758 1748 1737 1724 1716 1710 1707 1704 1699 1693 1689 1687 1686 1683 1682 1680 1680 1679 1677 1675 1673 1671 1668 1668 1667 1666 1664 1662 1662 1663 1663 1664 1666 1665 1662 1660 1660 1661 1661 1661 1661 1659 1657 1656 1656 1656 1655 1653 1653 1654 1655 1654 1655 1655 1657 1658 1657 1655 1654 1651 1648 1645 1644 1644 1643
1844 1833 1825 1820 1812 1805 1799 1796 1798 1797 1796 1795 1800 1805 1808 1805 1796 1784 1770 1759 1748 1734 1720 1715 1710 1706 1702 1698 1696 1690 1688 1686 1683 1680 1679 1678 1677 1675 1674 1673 1670 1668 1667 1666 1665 1663 1662 1662 1663 1663 1662 1663 1662 1660 1660 1660 1661 1661 1661 1660 1657 1655 1656 1658 1657 1657 1654 1653 1652 1653 1653 1653 1654 1655 1656 1655 1655 1654 1651 1648 1644 1643 1644 1646
1833 1824 1820 1814 1807 1801 1795 1792 1793 1794 1791 1794 1796 1801 1806 1804 1798 1787 1766 1751 1741 1731 1724 1719 1711 1703 1699 1696 1693 1690 1686 1685 1683 1680 1678 1677 1675 1674 1674 1673 1671 1668 1667 1666 1663 1662 1661 1661 1661 1662 1662 1663 1662 1661 1661 1661 1661 1660 1659 1658 1657 1657 1659 1660 1659 1656 1654 1652 1653 1654 1653 1652 1652 1653 1652 1653 1652 1652 1651 1648 1647 1645 1646 1647
1831 1825 1817 1810 1805 1801 1796 1794 1792 1788 1787 1786 1790 1795 1801 1801 1793 1783 1762 1751 1741 1732 1726 1720 1711 1705 1698 1693 1691 1687 1686 1686 1685 1682 1679 1676 1674 1675 1675 1674 1671 1668 1666 1665 1663 1662 1660 1660 1659 1660 1661 1662 1661 1659 1660 1660 1659 1657 1655 1655 1656 1656 1659 1660 1657 1654 1653 1655 1656 1657 1655 1652 1651 1651 1651 1651 1651 1651 1651 1651 1651 1651 1650 1648
1837 1831 1821 1810 1804 1802 1797 1793 1788 1785 1781 1782 1785 1792 1798 1798 1793 1783 1771 1756 1745 1733 1724 1716 1711 1707 1701 1696 1690 1688 1685 1684 1683 1681 1679 1675 1673 1673 1674 1672 1669 1667 1666 1664 1663 1661 1660 1659 1660 1660 1660 1659 1658 1657 1658 1658 1658 1656 1655 1654 1654 1655 1656 1654 1653 1653 1654 1655 1658 1658 1656 1653 1650 1649 1650 1650 1650 1650 1652 1653 1654 1651 1648 1648
1848 1840 1829 1815 1807 1803 1797 1789 1785 1781 1781 1781 1785 1791 1798 1797 1792 1781 1769 1756 1745 1735 1726 1715 1708 1706 1703 1698 1693 1687 1685 1684 1682 1680 1678 1676 1673 1673 1672 1669 1667 1665 1664 1662 1661 1661 1660 1660 1661 1660 1659 1658 1657 1657 1658 1659 1659 1659 1658 1656 1656 1654 1652 1651 1651 1652 1654 1656 1656 1656 1654 1651 1648 1647 1648 1649 1650 1652 1653 1653 1651 1648 1645 1645
1851 1845 1836 1821 1808 1802 1794 1787 1782 1784 1781 1780 1784 1793 1798 1796 1788 1777 1767 1758 1746 1734 1720 1709 1706 1704 1702 1696 1690 1687 1684 1683 1680 1677 1674 1673 1672 1672 1671 1669 1666 1665 1663 1661 1661 1661 1661 1661 1661 1660 1658 1657 1656 1657 1658 1659 1660 1660 1659 1658 1656 1653 1652 1653 1653 1652 1652 1653 1653 1651 1651 1649 1647 1645 1645 1648 1650 1651 1652 1650 1650 1647 1646 1645
1850 1844 1835 1819 1805 1794 1789 1783 1779 1779 1779 1777 1780 1790 1794 1794 1786 1777 1765 1753 1738 1730 1719 1708 1705 1704 1700 1695 1690 1687 1685 1682 1679 1674 1671 1670 1670 1670 1669 1668 1666 1664 1662 1661 1657 1657 1658 1659 1659 1659 1657 1657 1657 1657 1658 1658 1658 1658 1658 1657 1655 1655 1655 1655 1654 1653 1652 1652 1652 1651 1650 1649 1648 1647 1646 1647 1649 1649 1647 1647 1647 1648 1647 1645
1843 1836 1827 1813 1798 1792 1787 1783 1779 1776 1773 1772 1776 1783 1789 1789 1785 1775 1762 1750 1740 1729 1721 1712 1704 1701 1698 1693 1689 1686 1683 1680 1676 1672 1669 1669 1668 1668 1668 1668 1664 1663 1660 1657 1654 1653 1653 1656 1657 1657 1656 1657 1657 1657 1657 1657 1658 1657 1655 1654 1654 1654 1656 1655 1655 1654 1653 1652 1652 1651 1652 1651 1650 1649 1648 1647 1648 1648 1646 1645 1647 1648 1647 1645
1834 1825 1816 1808 1797 1791 1789 1784 1779 1775 1769 1767 1770 1778 1783 1784 1781 1773 1762 1750 1739 1725 1716 1710 1705 1700 1696 1692 1688 1687 1683 1679 1675 1670 1668 1666 1666 1665 1664 1663 1661 1659 1658 1656 1654 1653 1653 1655 1655 1655 1655 1655 1655 1655 1655 1657 1657 1656 1652 1650 1650 1652 1653 1654 1653 1653 1652 1650 1650 1651 1652 1652 1651 1649 1648 1647 1648 1648 1647 1647 1646 1647 1646 1645
1831 1820 1810 1804 1796 1790 1783 1777 1776 1773 1767 1767 1772 1776 1780 1782 1776 1768 1754 1743 1730 1725 1717 1711 1705 1698 1695 1691 1689 1687 1682 1678 1674 1671 1668 1666 1665 1664 1663 1661 1658 1657 1656 1655 1653 1653 1653 1653 1652 1653 1654 1656 1657 1656 1655 1655 1654 1651 1649 1647 1648 1649 1651 1649 1650 1651 1650 1649 1649 1651 1653 1654 1652 1649 1648 1647 1648 1648 1647 1646 1646 1644 1644 1645
1837 1825 1815 1809 1802 1794 1782 1774 1771 1770 1764 1764 1768 1775 1782 1782 1776 1766 1752 1735 1733 1728 1720 1710 1699 1694 1692 1691 1688 1684 1681 1679 1677 1676 1673 1668 1667 1665 1663 1660 1659 1658 1657 1655 1653 1653 1653 1651 1650 1651 1654 1656 1658 1656 1655 1653 1651 1648 1648 1648 1648 1649 1649 1649 1649 1650 1650 1648 1648 1650 1651 1653 1652 1649 1647 1646 1646 1646 1646 1646 1645 1643 1641 1643
1839 1831 1823 1814 1805 1790 1778 1771 1767 1761 1758 1759 1763 1769 1777 1782 1775 1764 1748 1739 1733 1729 1720 1710 1701 1695 1693 1691 1688 1684 1679 1677 1677 1677 1673 1669 1666 1665 1663 1660 1658 1658 1657 1655 1653 1652 1652 1651 1650 1650 1649 1651 1652 1654 1653 1652 1649 1650 1650 1650 1649 1648 1648 1649 1650 1650 1649 1648 1647 1647 1648 1650 1650 1648 1646 1644 1644 1645 1645 1646 1645 1642 1641 1641
1836 1828 1819 1809 1796 1783 1776 1768 1760 1756 1753 1755 1758 1763 1771 1777 1774 1764 1752 1742 1733 1727 1718 1710 1700 1695 1693 1693 1689 1684 1679 1676 1674 1671 1668 1664 1662 1662 1662 1659 1658 1658 1657 1654 1652 1651 1652 1652 1651 1649 1646 1646 1648 1649 1651 1651 1651 1650 1650 1649 1648 1648 1648 1648 1649 1650 1649 1648 1646 1645 1646 1649 1649 1648 1645 1644 1645 1644 1644 1646 1645 1645 1644 1644
1834 1825 1815 1801 1784 1778 1773 1767 1762 1756 1754 1753 1754 1762 1774 1777 1774 1764 1754 1743 1734 1723 1713 1704 1697 1693 1691 1690 1686 1682 1679 1676 1673 1669 1665 1662 1660 1660 1660 1661 1660 1658 1655 1653 1651 1650 1649 1650 1649 1646 1646 1646 1647 1648 1650 1651 1649 1648 1646 1646 1648 1648 1648 1648 1649 1649 1649 1647 1647 1646 1647 1647 1648 1647 1646 1646 1645 1644 1645 1647 1648 1646 1644 1644
1837 1830 1820 1805 1790 1780 1775 1769 1762 1759 1754 1750 1750 1758 1771 1776 1769 1756 1746 1740 1731 1719 1708 1702 1698 1694 1690 1686 1682 1680 1677 1675 1671 1670 1668 1665 1663 1661 1661 1662 1661 1658 1654 1652 1652 1650 1649 1648 1648 1646 1645 1646 1646 1645 1648 1650 1648 1645 1646 1645 1646 1648 1648 1648 1648 1647 1646 1647 1647 1648 1648 1648 1648 1647 1647 1646 1645 1645 1646 1648 1646 1643 1642 1642
1849 1836 1823 1808 1794 1784 1776 1767 1755 1751 1748 1743 1743 1753 1764 1769 1762 1750 1740 1732 1722 1712 1706 1702 1700 1698 1692 1687 1684 1680 1676 1675 1673 1671 1671 1669 1664 1661 1662 1661 1660 1657 1652 1650 1651 1651 1648 1645 1643 1641 1642 1644 1644 1646 1647 1648 1647 1645 1644 1645 1647 1647 1647 1647 1646 1645 1644 1645 1646 1646 1647 1647 1647 1646 1646 1645 1645 1645 1645 1645 1641 1640 1640 1640
1853 1839 1820 1806 1795 1785 1775 1762 1754 1749 1744 1740 1739 1745 1755 1760 1755 1746 1738 1729 1719 1711 1705 1701 1701 1699 1696 1691 1686 1680 1677 1678 1677 1674 1671 1668 1663 1661 1660 1660 1658 1655 1651 1649 1649 1648 1645 1640 1636 1636 1639 1644 1648 1647 1647 1647 1646 1645 1645 1646 1646 1645 1645 1645 1644 1643 1642 1643 1643 1643 1643 1643 1643 1643 1644 1644 1644 1644 1644 1643 1640 1639 1639 1641
1848 1829 1816 1805 1791 1781 1772 1764 1757 1751 1745 1739 1735 1740 1750 1756 1754 1745 1737 1729 1720 1713 1706 1702 1699 1697 1695 1691 1686 1681 1677 1678 1676 1672 1668 1666 1665 1661 1659 1657 1657 1655 1653 1651 1650 1648 1644 1638 1635 1636 1641 1645 1644 1643 1644 1645 1644 1645 1645 1646 1645 1644 1644 1644 1643 1642 1642 1642 1642 1641 1641 1641 1640 1642 1643 1644 1643 1644 1645 1644 1641 1639 1640 1641
1845 1828 1814 1804 1793 1782 1772 1763 1755 1749 1742 1738 1738 1746 1755 1764 1759 1748 1738 1730 1724 1715 1708 1703 1699 1697 1695 1692 1687 1681 1679 1678 1676 1671 1667 1666 1664 1662 1659 1657 1656 1655 1653 1651 1650 1647 1643 1638 1637 1641 1644 1643 1642 1642 1643 1642 1643 1644 1645 1646 1646 1645 1644 1643 1642 1641 1642 1642 1641 1640 1640 1639 1640 1641 1642 1643 1643 1643 1644 1643 1640 1640 1641 1642
1837 1832 1818 1806 1795 1786 1775 1764 1753 1743 1736 1734 1739 1750 1761 1761 1758 1750 1739 1733 1722 1714 1708 1703 1699 1697 1696 1691 1686 1682 1679 1677 1676 1672 1668 1667 1666 1664 1662 1660 1658 1656 1653 1651 1649 1646 1642 1640 1642 1645 1647 1645 1643 1644 1643 1642 1642 1644 1646 1647 1647 1647 1646 1644 1641 1641 1642 1642 1641 1639 1638 1639 1640 1642 1643 1643 1642 1642 1642 1641 1640 1641 1643 1644
1830 1830 1824 1811 1798 1785 1774 1764 1752 1739 1732 1730 1736 1745 1752 1755 1752 1747 1740 1730 1722 1714 1708 1703 1699 1696 1694 1690 1684 1680 1679 1677 1674 1671 1668 1667 1666 1666 1664 1662 1661 1659 1655 1651 1648 1646 1644 1643 1646 1649 1651 1649 1646 1645 1643 1642 1643 1645 1646 1648 1649 1648 1648 1646 1644 1643 1643 1642 1640 1638 1637 1638 1639 1641 1643 1643 1642 1640 1639 1638 1638 1640 1643 1644
1825 1827 1822 1812 1798 1785 1773 1762 1749 1739 1731 1730 1733 1739 1748 1753 1751 1748 1740 1731 1723 1715 1709 1704 1700 1697 1692 1687 1684 1681 1677 1674 1671 1670 1668 1667 1665 1664 1664 1663 1663 1662 1658 1655 1653 1652 1650 1648 1648 1651 1651 1649 1646 1645 1645 1644 1644 1645 1645 1646 1648 1648 1648 1648 1646 1644 1642 1641 1639 1639 1638 1637 1638 1640 1642 1643 1641 1639 1637 1637 1637 1638 1640 1641
1814 1819 1816 1809 1796 1783 1773 1760 1746 1737 1733 1731 1731 1735 1739 1745 1750 1745 1740 1733 1725 1719 1713 1707 1702 1697 1692 1686 1681 1679 1676 1672 1671 1671 1669 1667 1665 1665 1665 1665 1664 1661 1658 1655 1655 1655 1653 1651 1651 1651 1650 1648 1647 1647 1647 1646 1645 1645 1645 1645 1646 1647 1648 1648 1647 1644 1642 1641 1641 1641 1641 1639 1638 1639 1640 1640 1639 1638 1639 1638 1638 1638 1638 1638
1801 1806 1811 1807 1801 1784 1770 1756 1743 1739 1734 1729 1729 1730 1734 1739 1744 1742 1736 1730 1724 1719 1718 1710 1702 1696 1690 1684 1678 1677 1676 1675 1673 1672 1670 1668 1667 1667 1667 1666 1664 1660 1657 1655 1655 1654 1653 1653 1652 1651 1650 1648 1646 1646 1646 1646 1646 1645 1643 1643 1645 1646 1646 1646 1646 1645 1643 1640 1640 1641 1640 1639 1638 1637 1637 1637 1637 1639 1639 1638 1637 1637 1636 1635
1792 1800 1807 1809 1805 1796 1777 1756 1746 1741 1736 1730 1725 1725 1729 1733 1735 1735 1729 1724 1720 1719 1715 1708 1702 1697 1690 1682 1678 1677 1676 1674 1672 1671 1670 1669 1668 1667 1664 1662 1659 1659 1657 1655 1654 1653 1652 1652 1651 1649 1648 1647 1646 1646 1646 1645 1645 1644 1643 1642 1642 1644 1644 1644 1646 1646 1642 1639 1638 1638 1638 1637 1636 1636 1635 1635 1636 1638 1639 1638 1639 1638 1637 1636
1788 1794 1801 1806 1806 1800 1787 1764 1750 1743 1738 1730 1722 1719 1723 1727 1731 1731 1727 1720 1716 1711 1706 1702 1700 1695 1689 1681 1677 1676 1673 1671 1670 1669 1668 1667 1667 1666 1663 1658 1657 1657 1657 1655 1653 1653 1652 1651 1650 1649 1647 1646 1646 1647 1647 1646 1646 1645 1644 1643 1643 1643 1643 1644 1644 1644 1641 1639 1639 1639 1639 1637 1636 1635 1634 1635 1637 1639 1640 1641 1641 1641 1639 1639
1777 1783 1792 1801 1801 1796 1788 1773 1755 1747 1737 1723 1715 1716 1719 1724 1729 1730 1726 1717 1711 1707 1703 1699 1693 1688 1680 1675 1673 1672 1669 1668 1668 1668 1667 1665 1664 1667 1665 1662 1659 1659 1659 1656 1655 1654 1652 1651 1650 1650 1648 1647 1648 1649 1648 1647 1646 1646 1646 1645 1644 1643 1643 1643 1643 1642 1641 1640 1641 1642 1641 1639 1636 1633 1633 1636 1639 1640 1642 1642 1641 1641 1640 1643
1767 1775 1784 1792 1797 1796 1786 1772 1761 1749 1736 1725 1717 1715 1716 1720 1724 1726 1723 1715 1707 1705 1703 1697 1688 1680 1675 1672 1671 1671 1669 1667 1668 1667 1666 1663 1662 1663 1665 1662 1660 1658 1658 1659 1658 1658 1656 1653 1652 1651 1649 1649 1649 1649 1649 1647 1646 1646 1647 1646 1645 1645 1644 1644 1644 1642 1642 1642 1643 1643 1642 1641 1635 1632 1633 1637 1641 1642 1643 1644 1644 1647 1647 1649
1757 1768 1780 1787 1793 1790 1785 1776 1760 1750 1737 1728 1721 1714 1711 1713 1716 1720 1719 1712 1706 1703 1700 1692 1683 1678 1674 1672 1672 1671 1669 1668 1667 1666 1663 1662 1660 1661 1661 1661 1658 1657 1659 1661 1662 1661 1660 1659 1658 1657 1655 1652 1652 1651 1650 1649 1648 1647 1647 1647 1647 1647 1647 1646 1645 1644 1643 1644 1644 1645 1644 1641 1639 1635 1635 1642 1646 1646 1647 1649 1656 1660 1660 1659
1746 1760 1772 1782 1789 1792 1786 1777 1758 1744 1732 1724 1718 1710 1706 1708 1713 1716 1715 1710 1706 1702 1695 1689 1684 1679 1674 1671 1670 1668 1667 1666 1665 1663 1662 1661 1660 1661 1662 1662 1661 1661 1662 1665 1664 1663 1663 1663 1663 1662 1660 1656 1656 1654 1653 1653 1653 1653 1651 1650 1648 1647 1646 1646 1645 1644 1643 1643 1644 1644 1644 1644 1643 1642 1642 1644 1646 1646 1647 1653 1658 1662 1662 1661
1737 1752 1767 1778 1786 1790 1785 1776 1757 1745 1732 1724 1718 1707 1703 1705 1710 1713 1713 1712 1706 1699 1693 1688 1685 1682 1677 1673 1670 1668 1667 1667 1665 1665 1664 1663 1662 1662 1664 1665 1665 1665 1665 1665 1664 1662 1662 1662 1662 1662 1660 1660 1658 1657 1656 1655 1655 1654 1653 1651 1649 1647 1646 1646 1645 1644 1642 1643 1643 1644 1644 1646 1647 1647 1647 1647 1647 1647 1652 1654 1658 1658 1658 1657
1729 1741 1755 1770 1782 1787 1785 1776 1761 1749 1739 1727 1718 1709 1700 1704 1709 1712 1715 1713 1707 1699 1692 1688 1686 1684 1681 1675 1672 1670 1670 1669 1668 1668 1668 1667 1666 1665 1666 1666 1666 1666 1665 1665 1663 1662 1661 1661 1661 1659 1659 1658 1659 1658 1656 1655 1654 1652 1652 1651 1650 1648 1648 1647 1646 1645 1645 1644 1644 1644 1645 1646 1648 1649 1648 1646 1645 1647 1651 1655 1656 1657 1657 1657
