notebooks/landlab-terrainbento/coupled_process_elements/DEMData/SRTMGL1_40.015_-105.33_40.065_-105.28.tif
ncols        180
nrows        180
xllcorner    -105.330138888879
yllcorner    40.015138888886
cellsize     0.000277777778
NODATA_value -32768
[rows 0 to 37 of 180, columns 84 to 167 of 180]
1807 1808 1809 1807 1802 1798 1796 1790 1784 1779 1776 1772 1769 1767 1764 1765 1765 1762 1760 1761 1761 1763 1768 1774 1779 1785 1793 1798 1804 1810 1816 1819 1820 1818 1817 1814 1807 1795 1784 1774 1767 1762 1760 1756 1751 1747 1744 1743 1739 1737 1737 1736 1734 1731 1728 1722 1718 1715 1712 1713 1735 1745 1740 1737 1729 1722 1720 1720 1718 1717 1715 1715 1714 1711 1710 1711 1712 1713 1711 1710 1708 1708 1709 1706
1796 1798 1797 1793 1790 1788 1786 1781 1776 1774 1772 1770 1768 1765 1764 1765 1763 1761 1759 1758 1757 1756 1762 1767 1771 1774 1781 1786 1789 1793 1797 1800 1800 1801 1803 1803 1798 1789 1777 1769 1763 1759 1754 1750 1746 1743 1740 1740 1738 1737 1736 1736 1734 1732 1729 1727 1725 1730 1734 1737 1740 1741 1744 1742 1731 1725 1722 1720 1719 1717 1717 1716 1715 1713 1713 1713 1713 1713 1711 1709 1708 1708 1708 1707
1790 1786 1784 1783 1782 1786 1784 1782 1779 1779 1778 1774 1770 1765 1764 1763 1761 1759 1758 1757 1755 1754 1757 1760 1761 1760 1765 1771 1775 1778 1780 1782 1784 1786 1789 1792 1787 1780 1771 1765 1760 1752 1746 1742 1741 1739 1737 1736 1734 1734 1733 1732 1729 1727 1726 1725 1727 1728 1727 1722 1717 1721 1728 1731 1733 1729 1723 1719 1716 1716 1716 1716 1716 1715 1715 1715 1714 1713 1711 1710 1709 1708 1707 1706
1796 1795 1795 1799 1802 1802 1801 1794 1792 1793 1790 1787 1780 1772 1766 1763 1761 1762 1761 1759 1756 1754 1753 1753 1752 1754 1756 1759 1764 1767 1769 1771 1773 1775 1778 1778 1777 1772 1766 1761 1752 1744 1738 1736 1736 1737 1734 1730 1729 1729 1728 1726 1724 1724 1724 1725 1726 1726 1723 1718 1714 1713 1717 1727 1733 1729 1724 1717 1716 1716 1716 1716 1715 1715 1715 1715 1713 1712 1711 1711 1710 1708 1707 1706
1817 1819 1820 1823 1822 1822 1817 1812 1807 1803 1798 1792 1785 1780 1774 1769 1767 1767 1767 1764 1760 1757 1755 1755 1758 1757 1755 1755 1756 1759 1759 1761 1761 1761 1761 1762 1762 1762 1761 1752 1745 1740 1735 1732 1732 1730 1727 1726 1727 1727 1726 1726 1725 1723 1724 1725 1726 1726 1724 1720 1717 1715 1716 1719 1728 1732 1725 1719 1717 1717 1716 1715 1714 1714 1715 1713 1710 1709 1710 1711 1710 1708 1707 1706
1841 1838 1841 1839 1838 1838 1832 1826 1819 1811 1798 1792 1786 1780 1776 1772 1772 1773 1772 1769 1766 1764 1763 1767 1768 1765 1759 1756 1755 1755 1755 1753 1751 1750 1750 1750 1750 1748 1744 1742 1739 1739 1736 1731 1728 1726 1725 1725 1725 1725 1726 1727 1726 1725 1724 1724 1726 1728 1726 1722 1718 1716 1712 1708 1718 1725 1720 1718 1717 1717 1716 1715 1714 1714 1713 1710 1708 1707 1709 1710 1709 1708 1707 1706
1869 1866 1863 1861 1861 1853 1844 1837 1828 1816 1807 1798 1788 1782 1777 1776 1776 1777 1776 1775 1777 1780 1778 1775 1775 1771 1766 1758 1758 1755 1755 1754 1752 1748 1748 1745 1744 1742 1741 1740 1742 1742 1738 1734 1730 1728 1729 1730 1728 1726 1725 1725 1725 1724 1723 1723 1725 1727 1726 1723 1721 1719 1716 1719 1720 1718 1716 1716 1717 1717 1716 1715 1716 1716 1714 1711 1709 1710 1711 1711 1710 1708 1707 1705
1893 1893 1887 1879 1871 1860 1849 1836 1826 1821 1814 1804 1793 1788 1783 1781 1782 1785 1784 1782 1787 1790 1791 1792 1790 1786 1781 1777 1770 1768 1766 1763 1761 1756 1752 1747 1744 1744 1745 1744 1745 1744 1743 1740 1737 1737 1739 1738 1735 1731 1726 1725 1725 1724 1721 1722 1724 1724 1724 1723 1721 1719 1718 1720 1720 1718 1716 1717 1717 1716 1715 1717 1718 1718 1716 1714 1712 1712 1711 1710 1708 1707 1707 1706
1913 1909 1900 1889 1877 1865 1852 1838 1827 1820 1813 1803 1795 1790 1788 1787 1794 1798 1797 1798 1799 1802 1807 1806 1804 1798 1798 1793 1788 1787 1789 1784 1776 1769 1762 1756 1752 1752 1748 1747 1747 1745 1744 1744 1745 1746 1745 1743 1740 1738 1734 1731 1727 1722 1720 1721 1723 1724 1722 1721 1719 1717 1715 1715 1715 1716 1716 1717 1716 1716 1715 1717 1718 1718 1716 1714 1712 1711 1710 1708 1707 1707 1707 1707
1918 1915 1903 1892 1881 1867 1854 1843 1832 1824 1814 1804 1797 1794 1792 1796 1802 1807 1809 1808 1811 1814 1817 1816 1812 1809 1804 1801 1799 1801 1802 1800 1795 1786 1778 1775 1771 1762 1757 1756 1755 1751 1751 1750 1751 1750 1748 1745 1741 1737 1731 1727 1728 1724 1722 1723 1723 1721 1720 1719 1718 1716 1714 1712 1713 1714 1715 1715 1715 1715 1714 1715 1716 1715 1714 1711 1710 1709 1709 1708 1707 1706 1707 1708
1925 1918 1908 1897 1883 1867 1853 1843 1834 1823 1812 1804 1800 1796 1794 1797 1803 1810 1814 1817 1821 1822 1824 1825 1822 1821 1820 1817 1813 1812 1813 1812 1808 1805 1802 1797 1788 1777 1767 1758 1756 1759 1757 1757 1755 1753 1750 1744 1739 1735 1732 1733 1732 1730 1726 1723 1720 1719 1718 1718 1717 1715 1713 1712 1712 1713 1714 1713 1713 1713 1712 1712 1712 1712 1710 1709 1708 1709 1710 1710 1708 1707 1707 1708
1924 1921 1911 1895 1882 1865 1848 1838 1830 1820 1809 1803 1800 1797 1796 1799 1804 1809 1816 1823 1828 1834 1838 1840 1836 1835 1836 1834 1830 1828 1829 1826 1820 1814 1812 1807 1801 1783 1774 1767 1765 1763 1759 1757 1756 1754 1751 1747 1744 1743 1742 1737 1734 1731 1726 1722 1720 1718 1718 1718 1717 1715 1713 1712 1711 1711 1710 1710 1710 1710 1710 1710 1711 1710 1709 1708 1707 1708 1710 1710 1709 1707 1706 1706
1928 1923 1911 1897 1883 1869 1853 1840 1832 1824 1812 1805 1801 1800 1802 1803 1806 1814 1823 1831 1836 1843 1853 1856 1855 1855 1856 1856 1853 1851 1848 1842 1832 1824 1817 1811 1802 1791 1783 1776 1772 1767 1760 1757 1756 1753 1749 1748 1746 1744 1741 1736 1732 1727 1722 1720 1719 1720 1719 1717 1716 1715 1713 1711 1710 1709 1709 1709 1710 1711 1711 1711 1711 1710 1709 1707 1707 1708 1709 1709 1708 1707 1706 1705
1938 1926 1910 1898 1882 1868 1856 1847 1838 1825 1816 1808 1806 1806 1806 1809 1816 1825 1834 1838 1843 1854 1867 1871 1869 1871 1874 1873 1872 1867 1863 1853 1843 1834 1826 1814 1800 1791 1786 1779 1774 1768 1763 1760 1756 1750 1745 1741 1739 1737 1735 1731 1727 1723 1720 1718 1719 1718 1718 1716 1715 1715 1714 1712 1711 1711 1711 1711 1712 1713 1713 1713 1711 1710 1709 1708 1709 1708 1708 1707 1706 1706 1705 1705
1944 1923 1902 1889 1877 1867 1856 1848 1838 1827 1821 1815 1811 1810 1813 1820 1829 1835 1838 1846 1855 1869 1880 1886 1888 1887 1887 1887 1884 1875 1866 1858 1849 1839 1828 1817 1804 1793 1787 1783 1778 1774 1768 1761 1758 1752 1746 1742 1737 1734 1732 1730 1727 1724 1720 1717 1717 1716 1715 1715 1715 1715 1715 1713 1711 1711 1712 1712 1712 1711 1711 1710 1709 1708 1708 1709 1709 1708 1707 1705 1705 1704 1704 1702
1943 1915 1892 1889 1881 1871 1859 1846 1836 1828 1826 1822 1818 1819 1824 1834 1843 1846 1851 1858 1870 1881 1890 1897 1904 1906 1905 1899 1891 1882 1867 1856 1847 1837 1826 1816 1806 1795 1791 1787 1781 1776 1769 1762 1757 1755 1750 1746 1740 1737 1736 1734 1731 1724 1719 1718 1716 1716 1717 1716 1716 1715 1712 1710 1709 1710 1711 1710 1710 1709 1708 1707 1707 1707 1707 1708 1708 1707 1705 1704 1705 1703 1701 1701
1925 1914 1900 1887 1878 1871 1858 1848 1838 1830 1826 1823 1822 1825 1835 1844 1852 1859 1862 1872 1880 1890 1897 1903 1913 1920 1914 1902 1890 1875 1864 1851 1842 1832 1821 1812 1807 1801 1795 1789 1778 1772 1769 1762 1755 1752 1751 1747 1745 1741 1739 1736 1731 1723 1718 1717 1717 1718 1718 1718 1716 1712 1710 1709 1710 1710 1710 1710 1710 1709 1709 1708 1707 1705 1704 1705 1704 1704 1703 1703 1703 1702 1702 1701
1936 1920 1909 1888 1873 1866 1858 1850 1841 1832 1827 1826 1827 1832 1839 1849 1854 1863 1873 1880 1889 1898 1904 1914 1921 1923 1919 1904 1886 1871 1857 1847 1839 1833 1824 1815 1809 1805 1800 1787 1774 1768 1765 1760 1754 1751 1747 1745 1740 1739 1737 1734 1728 1721 1717 1717 1716 1716 1716 1716 1715 1713 1712 1713 1712 1711 1709 1708 1708 1709 1709 1708 1706 1704 1703 1703 1703 1703 1703 1703 1703 1702 1702 1701
1938 1924 1907 1888 1874 1863 1856 1848 1841 1835 1834 1834 1835 1840 1845 1852 1861 1871 1881 1891 1899 1908 1919 1925 1928 1924 1918 1904 1885 1870 1858 1849 1840 1833 1824 1817 1811 1805 1800 1790 1777 1767 1763 1759 1754 1750 1746 1741 1738 1734 1733 1730 1726 1722 1718 1716 1716 1715 1716 1716 1715 1714 1714 1713 1710 1707 1705 1705 1706 1707 1707 1706 1704 1704 1704 1704 1704 1703 1703 1704 1702 1701 1700 1700
1935 1920 1906 1892 1877 1864 1855 1849 1844 1842 1842 1844 1847 1851 1856 1865 1876 1885 1892 1900 1909 1917 1927 1933 1934 1925 1911 1898 1887 1874 1866 1856 1843 1831 1821 1813 1807 1802 1795 1788 1777 1769 1762 1756 1751 1747 1744 1742 1738 1736 1731 1727 1724 1722 1720 1718 1716 1714 1714 1713 1713 1713 1711 1710 1706 1703 1702 1703 1704 1705 1706 1706 1705 1705 1704 1704 1703 1704 1704 1704 1703 1701 1701 1700
1941 1924 1911 1896 1879 1871 1862 1853 1848 1846 1845 1849 1855 1862 1870 1880 1889 1894 1899 1905 1916 1926 1935 1941 1937 1925 1910 1897 1887 1881 1868 1857 1843 1831 1819 1809 1805 1799 1792 1784 1778 1771 1761 1755 1751 1747 1744 1741 1739 1736 1730 1727 1727 1728 1725 1722 1717 1714 1712 1711 1710 1710 1709 1706 1704 1702 1701 1702 1703 1705 1707 1707 1706 1704 1703 1702 1703 1703 1703 1702 1700 1700 1700 1699
1952 1935 1918 1903 1889 1878 1868 1860 1856 1853 1849 1852 1860 1870 1880 1891 1899 1904 1910 1922 1931 1939 1944 1945 1942 1929 1912 1897 1885 1876 1865 1850 1839 1827 1814 1806 1802 1797 1788 1780 1777 1772 1765 1759 1754 1747 1743 1741 1740 1737 1732 1730 1732 1731 1728 1722 1718 1716 1713 1711 1709 1709 1709 1708 1706 1704 1703 1703 1705 1706 1706 1706 1704 1703 1702 1701 1702 1702 1700 1698 1699 1699 1698 1697
1956 1938 1924 1908 1896 1883 1872 1866 1862 1859 1857 1858 1865 1875 1885 1895 1904 1914 1924 1932 1943 1949 1951 1947 1938 1926 1911 1896 1881 1869 1855 1845 1837 1824 1811 1801 1795 1792 1786 1778 1773 1770 1764 1756 1751 1747 1743 1742 1740 1737 1734 1732 1729 1726 1721 1718 1718 1717 1715 1712 1710 1711 1712 1713 1710 1707 1705 1705 1705 1706 1705 1702 1701 1701 1701 1701 1700 1697 1696 1697 1699 1699 1698 1697
1953 1937 1928 1915 1899 1887 1879 1872 1867 1864 1863 1863 1869 1879 1890 1900 1914 1927 1933 1939 1946 1951 1952 1948 1941 1924 1906 1889 1876 1865 1853 1844 1836 1827 1815 1801 1795 1791 1782 1777 1773 1767 1762 1757 1751 1746 1744 1743 1741 1740 1738 1737 1731 1722 1716 1714 1717 1720 1717 1714 1713 1712 1713 1713 1710 1707 1705 1705 1705 1706 1704 1700 1698 1699 1700 1699 1698 1696 1695 1696 1699 1699 1697 1697
1952 1939 1930 1917 1900 1888 1881 1877 1871 1869 1868 1869 1873 1883 1892 1902 1919 1934 1942 1947 1950 1952 1951 1944 1935 1914 1898 1885 1871 1861 1851 1842 1835 1828 1818 1807 1797 1790 1784 1778 1775 1771 1764 1757 1751 1745 1744 1745 1744 1741 1740 1737 1729 1721 1714 1714 1717 1716 1713 1713 1712 1711 1709 1707 1705 1701 1700 1701 1703 1704 1702 1699 1696 1697 1698 1698 1697 1696 1695 1696 1697 1697 1696 1695
1952 1942 1930 1918 1901 1888 1882 1877 1869 1868 1870 1873 1878 1883 1892 1907 1925 1936 1946 1952 1954 1951 1945 1937 1925 1910 1895 1879 1867 1856 1846 1836 1830 1825 1816 1806 1796 1791 1785 1780 1774 1768 1764 1757 1751 1746 1746 1747 1745 1741 1736 1731 1724 1719 1717 1716 1713 1711 1710 1711 1710 1710 1705 1703 1698 1696 1694 1696 1700 1702 1701 1695 1692 1694 1696 1697 1697 1696 1695 1696 1696 1696 1694 1693
1956 1944 1933 1922 1908 1895 1887 1877 1870 1868 1870 1877 1883 1891 1901 1915 1927 1935 1942 1952 1956 1953 1943 1928 1916 1904 1893 1877 1863 1851 1839 1831 1825 1819 1812 1802 1794 1789 1785 1780 1775 1772 1768 1762 1757 1752 1752 1753 1749 1744 1737 1729 1725 1722 1720 1717 1711 1709 1707 1708 1710 1707 1704 1700 1697 1694 1693 1694 1697 1699 1698 1693 1689 1690 1694 1696 1697 1697 1696 1696 1696 1695 1694 1692
1963 1953 1940 1928 1919 1907 1892 1881 1876 1874 1876 1881 1889 1898 1907 1921 1932 1937 1942 1951 1956 1950 1937 1923 1910 1901 1890 1876 1864 1852 1838 1830 1827 1820 1811 1802 1793 1788 1784 1780 1776 1774 1771 1764 1759 1759 1758 1756 1751 1746 1739 1732 1728 1725 1722 1718 1710 1706 1706 1708 1709 1706 1703 1701 1699 1697 1694 1693 1695 1697 1697 1693 1688 1689 1693 1697 1697 1698 1697 1696 1696 1695 1693 1693
1968 1956 1947 1938 1927 1914 1899 1890 1884 1886 1888 1891 1895 1903 1913 1923 1938 1946 1953 1959 1952 1939 1930 1920 1912 1899 1887 1874 1863 1855 1847 1836 1831 1827 1815 1805 1796 1792 1787 1782 1779 1775 1770 1765 1760 1756 1753 1751 1746 1743 1738 1734 1730 1727 1723 1718 1714 1709 1710 1711 1709 1705 1703 1702 1701 1700 1697 1694 1694 1695 1695 1693 1691 1691 1694 1695 1696 1696 1696 1697 1697 1696 1694 1693
1970 1961 1952 1944 1934 1920 1906 1896 1892 1893 1896 1899 1903 1912 1919 1926 1939 1957 1963 1963 1949 1932 1925 1922 1913 1900 1889 1880 1873 1862 1852 1843 1835 1825 1816 1806 1799 1792 1788 1785 1779 1773 1767 1763 1757 1752 1750 1747 1741 1737 1733 1731 1729 1727 1724 1720 1717 1714 1715 1713 1709 1705 1704 1704 1703 1701 1699 1696 1692 1691 1692 1693 1693 1694 1695 1693 1692 1694 1695 1697 1698 1697 1695 1693
1977 1967 1956 1947 1938 1923 1909 1899 1894 1894 1899 1903 1913 1920 1928 1939 1951 1960 1964 1962 1950 1939 1927 1918 1908 1902 1895 1889 1879 1868 1854 1845 1831 1822 1817 1811 1800 1789 1785 1781 1776 1770 1764 1758 1752 1748 1745 1740 1736 1733 1731 1729 1726 1724 1721 1719 1717 1716 1712 1709 1706 1705 1706 1706 1705 1704 1702 1697 1691 1690 1693 1694 1692 1691 1690 1691 1692 1695 1696 1696 1697 1698 1696 1693
1990 1974 1962 1949 1939 1929 1913 1903 1899 1897 1899 1906 1915 1925 1935 1945 1957 1966 1967 1964 1954 1940 1926 1915 1908 1900 1894 1886 1876 1864 1854 1844 1833 1824 1824 1821 1810 1798 1786 1780 1773 1765 1758 1752 1748 1746 1742 1738 1733 1731 1729 1726 1724 1720 1718 1717 1715 1713 1710 1706 1705 1707 1707 1706 1706 1706 1704 1698 1693 1692 1693 1693 1692 1689 1688 1688 1693 1696 1696 1695 1695 1697 1696 1695
1999 1985 1968 1955 1942 1929 1917 1906 1900 1900 1902 1910 1921 1933 1942 1951 1963 1970 1971 1964 1951 1936 1924 1915 1908 1899 1890 1882 1869 1860 1852 1844 1836 1829 1825 1821 1809 1798 1790 1779 1770 1760 1752 1746 1743 1743 1741 1738 1733 1729 1726 1725 1722 1719 1716 1714 1714 1714 1712 1710 1709 1708 1707 1705 1704 1701 1699 1698 1695 1693 1694 1694 1694 1693 1691 1691 1693 1696 1695 1694 1694 1695 1695 1694
2006 1990 1974 1958 1944 1931 1920 1910 1903 1901 1904 1913 1925 1935 1943 1953 1963 1970 1969 1962 1950 1935 1923 1914 1907 1896 1886 1879 1871 1863 1856 1847 1837 1832 1827 1818 1805 1798 1790 1781 1768 1756 1747 1742 1740 1740 1739 1736 1731 1726 1724 1722 1722 1719 1715 1713 1713 1715 1714 1713 1709 1705 1704 1704 1701 1698 1696 1696 1697 1697 1695 1694 1694 1695 1696 1698 1699 1697 1694 1693 1693 1694 1695 1694
2006 1992 1976 1958 1944 1934 1926 1920 1913 1912 1914 1920 1926 1933 1941 1947 1956 1964 1964 1961 1950 1930 1919 1911 1902 1891 1881 1876 1871 1867 1860 1851 1840 1832 1825 1814 1806 1797 1789 1779 1766 1754 1747 1741 1740 1739 1739 1736 1730 1726 1723 1722 1721 1718 1715 1714 1714 1713 1713 1710 1705 1701 1700 1701 1702 1701 1699 1699 1700 1698 1696 1694 1693 1695 1696 1699 1703 1699 1694 1692 1692 1693 1693 1692
2007 1994 1979 1964 1951 1941 1937 1931 1926 1921 1920 1921 1925 1929 1936 1943 1946 1957 1960 1957 1946 1931 1919 1908 1898 1886 1875 1869 1864 1857 1852 1843 1835 1831 1823 1813 1805 1796 1788 1776 1765 1756 1750 1745 1741 1740 1739 1737 1733 1728 1725 1725 1723 1719 1717 1717 1714 1711 1708 1707 1703 1701 1700 1701 1704 1704 1703 1702 1700 1697 1694 1693 1693 1694 1695 1697 1698 1696 1692 1690 1690 1689 1689 1688
2008 1992 1975 1964 1956 1949 1944 1940 1932 1927 1923 1922 1923 1924 1928 1933 1940 1945 1951 1951 1945 1932 1915 1903 1895 1885 1876 1865 1859 1853 1848 1844 1839 1832 1821 1810 1801 1794 1786 1776 1768 1760 1753 1746 1738 1738 1738 1737 1733 1730 1728 1726 1724 1721 1718 1714 1711 1707 1706 1704 1703 1702 1701 1701 1702 1703 1702 1703 1699 1696 1694 1694 1692 1694 1694 1693 1692 1691 1690 1691 1691 1689 1688 1688
2010 1995 1977 1966 1959 1954 1948 1941 1936 1931 1926 1923 1920 1920 1923 1928 1933 1940 1945 1944 1939 1925 1912 1901 1895 1889 1882 1871 1860 1854 1848 1846 1840 1830 1818 1809 1801 1794 1787 1776 1768 1763 1758 1750 1742 1734 1733 1733 1731 1730 1727 1725 1723 1721 1717 1713 1708 1705 1706 1708 1706 1704 1702 1702 1702 1700 1700 1700 1698 1695 1694 1693 1694 1693 1693 1692 1690 1689 1689 1689 1689 1687 1688 1689
